0.0,0.0,0.0,1.0,2.0,4.0,6.0,7.0,9.0,12.0,20.0,22.0,29.0,34.0,41.0,52.0,61.0,77.0,92.0,118.0,140.0,181.0,217.0,270.0,333.0,395.0,478.0,610.0,786.0,911.0,1127.0,1366.0,1658.0,2000.0,2433.0,2927.0,3569.0,4316.0,5218.0,6232.0,7471.0,9025.0,10801.0,12790.0,15268.0,18179.0,21507.0,25346.0,28665.0,31148.0,32922.0,33949.0,34516.0,34750.0,34563.0,34168.0,33575.0,32923.0,32049.0,31049.0,29954.0,28877.0,27797.0,26760.0,25694.0,24544.0,23413.0,22308.0,21214.0,20173.0,19145.0,18218.0,17270.0,16387.0,15568.0,14763.0,14035.0,13278.0,12593.0,11931.0,11368.0,10792.0,10293.0,9816.0
0.0,0.0,1.0,2.0,2.0,3.0,5.0,5.0,6.0,6.0,7.0,6.0,6.0,7.0,6.0,7.0,11.0,9.0,11.0,16.0,20.0,25.0,31.0,34.0,44.0,49.0,56.0,62.0,71.0,83.0,92.0,113.0,132.0,155.0,192.0,227.0,278.0,313.0,370.0,458.0,544.0,638.0,780.0,941.0,1169.0,1438.0,1729.0,2027.0,2298.0,2508.0,2670.0,2777.0,2865.0,2912.0,2903.0,2896.0,2885.0,2854.0,2804.0,2717.0,2621.0,2534.0,2429.0,2351.0,2261.0,2161.0,2057.0,1986.0,1900.0,1807.0,1741.0,1650.0,1567.0,1485.0,1419.0,1372.0,1292.0,1233.0,1189.0,1144.0,1094.0,1041.0,990.0,939.0
0.0,0.0,1.0,0.0,0.0,1.0,2.0,5.0,5.0,7.0,7.0,11.0,12.0,16.0,20.0,25.0,31.0,35.0,48.0,54.0,65.0,80.0,96.0,120.0,150.0,191.0,223.0,261.0,334.0,406.0,496.0,621.0,747.0,895.0,1101.0,1323.0,1625.0,1981.0,2422.0,2906.0,3544.0,4227.0,5025.0,6041.0,7264.0,8676.0,10380.0,12275.0,13986.0,15351.0,16268.0,16778.0,17143.0,17303.0,17292.0,17145.0,16895.0,16534.0,16127.0,15722.0,15198.0,14735.0,14237.0,13659.0,13113.0,12620.0,12084.0,11470.0,10948.0,10463.0,9963.0,9491.0,9009.0,8566.0,8093.0,7688.0,7295.0,6932.0,6587.0,6256.0,5925.0,5644.0,5367.0,5113.0
0.0,0.0,0.0,1.0,2.0,4.0,6.0,7.0,10.0,11.0,11.0,14.0,17.0,20.0,24.0,30.0,33.0,36.0,44.0,59.0,62.0,68.0,78.0,93.0,116.0,137.0,159.0,177.0,198.0,239.0,271.0,320.0,401.0,475.0,557.0,669.0,806.0,974.0,1162.0,1401.0,1668.0,1951.0,2330.0,2842.0,3396.0,4084.0,4874.0,5791.0,6655.0,7333.0,7756.0,8147.0,8262.0,8343.0,8331.0,8299.0,8235.0,8096.0,7943.0,7762.0,7543.0,7335.0,7044.0,6751.0,6489.0,6214.0,5978.0,5707.0,5473.0,5239.0,5020.0,4757.0,4548.0,4339.0,4137.0,3955.0,3761.0,3591.0,3403.0,3226.0,3083.0,2888.0,2728.0,2594.0
0.0,0.0,0.0,0.0,3.0,4.0,6.0,7.0,10.0,9.0,10.0,13.0,16.0,18.0,21.0,28.0,38.0,48.0,63.0,81.0,98.0,124.0,162.0,187.0,230.0,281.0,345.0,431.0,546.0,677.0,813.0,1001.0,1233.0,1443.0,1658.0,2050.0,2500.0,3012.0,3666.0,4453.0,5434.0,6568.0,7848.0,9443.0,11323.0,13506.0,16294.0,19195.0,21837.0,24015.0,25326.0,26277.0,26778.0,26909.0,26793.0,26530.0,26251.0,25672.0,25054.0,24306.0,23606.0,22854.0,21941.0,20972.0,20165.0,19217.0,18391.0,17570.0,16730.0,15864.0,15135.0,14365.0,13669.0,12979.0,12316.0,11692.0,11117.0,10591.0,10022.0,9505.0,9035.0,8568.0,8225.0,7795.0
0.0,0.0,0.0,1.0,1.0,2.0,5.0,7.0,7.0,9.0,10.0,11.0,10.0,18.0,19.0,24.0,27.0,29.0,39.0,48.0,58.0,71.0,86.0,102.0,126.0,156.0,191.0,228.0,273.0,307.0,367.0,418.0,502.0,618.0,732.0,903.0,1079.0,1327.0,1585.0,1968.0,2374.0,2872.0,3429.0,4119.0,5044.0,5980.0,7156.0,8493.0,9786.0,10750.0,11342.0,11758.0,11972.0,12038.0,12057.0,11938.0,11864.0,11613.0,11299.0,11031.0,10606.0,10293.0,9892.0,9524.0,9097.0,8773.0,8359.0,7981.0,7628.0,7224.0,6899.0,6594.0,6293.0,5953.0,5675.0,5431.0,5196.0,4930.0,4719.0,4498.0,4282.0,4084.0,3919.0,3719.0
0.0,0.0,0.0,2.0,3.0,5.0,6.0,6.0,8.0,9.0,10.0,13.0,13.0,15.0,15.0,19.0,23.0,33.0,39.0,44.0,46.0,63.0,75.0,80.0,92.0,118.0,135.0,166.0,200.0,256.0,297.0,343.0,430.0,518.0,616.0,727.0,888.0,1083.0,1311.0,1565.0,1845.0,2204.0,2665.0,3221.0,3878.0,4671.0,5629.0,6702.0,7602.0,8361.0,8881.0,9316.0,9531.0,9522.0,9573.0,9492.0,9379.0,9219.0,8968.0,8806.0,8533.0,8275.0,7935.0,7640.0,7326.0,7051.0,6771.0,6461.0,6153.0,5848.0,5572.0,5322.0,5040.0,4815.0,4569.0,4363.0,4156.0,3957.0,3741.0,3570.0,3385.0,3235.0,3091.0,2952.0
0.0,0.0,0.0,0.0,3.0,4.0,5.0,6.0,7.0,7.0,8.0,9.0,15.0,17.0,22.0,26.0,30.0,37.0,45.0,56.0,67.0,74.0,103.0,132.0,147.0,175.0,206.0,247.0,304.0,366.0,431.0,527.0,652.0,798.0,958.0,1148.0,1373.0,1692.0,2045.0,2507.0,3008.0,3675.0,4463.0,5384.0,6462.0,7769.0,9338.0,11087.0,12636.0,13807.0,14644.0,15062.0,15378.0,15565.0,15627.0,15469.0,15268.0,14985.0,14630.0,14250.0,13825.0,13354.0,12861.0,12360.0,11873.0,11372.0,10935.0,10483.0,9990.0,9534.0,9066.0,8630.0,8228.0,7799.0,7438.0,7049.0,6697.0,6367.0,6062.0,5788.0,5504.0,5254.0,5031.0,4774.0
0.0,0.0,0.0,2.0,3.0,4.0,6.0,7.0,8.0,14.0,17.0,26.0,35.0,40.0,45.0,59.0,71.0,79.0,108.0,123.0,157.0,196.0,237.0,292.0,363.0,462.0,555.0,665.0,794.0,966.0,1167.0,1416.0,1681.0,2041.0,2457.0,2955.0,3570.0,4285.0,5150.0,6126.0,7353.0,8887.0,10735.0,12794.0,15223.0,18178.0,21567.0,25364.0,28625.0,31106.0,32802.0,33808.0,34278.0,34527.0,34299.0,33885.0,33359.0,32546.0,31731.0,30880.0,29938.0,28757.0,27581.0,26505.0,25370.0,24203.0,23047.0,21977.0,20961.0,19965.0,18995.0,18054.0,17172.0,16285.0,15399.0,14627.0,13857.0,13153.0,12468.0,11847.0,11233.0,10656.0,10172.0,9666.0
0.0,0.0,0.0,2.0,2.0,6.0,6.0,8.0,15.0,13.0,12.0,16.0,17.0,26.0,32.0,34.0,45.0,55.0,60.0,72.0,86.0,108.0,122.0,141.0,165.0,194.0,229.0,272.0,328.0,391.0,451.0,535.0,640.0,764.0,927.0,1126.0,1354.0,1613.0,1907.0,2243.0,2740.0,3356.0,4078.0,4844.0,5766.0,6926.0,8250.0,9729.0,11183.0,12235.0,13032.0,13472.0,13763.0,13967.0,13910.0,13844.0,13681.0,13426.0,13056.0,12725.0,12369.0,11971.0,11458.0,11027.0,10582.0,10155.0,9724.0,9278.0,8851.0,8455.0,8057.0,7669.0,7329.0,6943.0,6612.0,6264.0,5940.0,5652.0,5391.0,5134.0,4885.0,4640.0,4397.0,4199.0
0.0,0.0,0.0,0.0,1.0,3.0,5.0,8.0,9.0,11.0,17.0,21.0,25.0,37.0,42.0,51.0,64.0,70.0,88.0,114.0,146.0,180.0,213.0,256.0,298.0,372.0,472.0,559.0,651.0,803.0,949.0,1156.0,1390.0,1683.0,1996.0,2383.0,2959.0,3552.0,4288.0,5205.0,6263.0,7575.0,9084.0,10850.0,12939.0,15556.0,18387.0,21593.0,24668.0,26998.0,28639.0,29735.0,30255.0,30437.0,30203.0,29873.0,29349.0,28833.0,28142.0,27321.0,26432.0,25529.0,24529.0,23592.0,22639.0,21689.0,20676.0,19750.0,18800.0,17946.0,17078.0,16230.0,15459.0,14633.0,13916.0,13216.0,12552.0,11893.0,11272.0,10724.0,10198.0,9685.0,9252.0,8818.0
0.0,0.0,0.0,0.0,1.0,2.0,3.0,6.0,5.0,5.0,9.0,11.0,13.0,13.0,19.0,19.0,26.0,31.0,41.0,45.0,53.0,66.0,86.0,109.0,128.0,154.0,192.0,217.0,268.0,321.0,392.0,469.0,557.0,676.0,816.0,984.0,1226.0,1451.0,1801.0,2186.0,2647.0,3141.0,3818.0,4664.0,5680.0,6814.0,8199.0,9627.0,10945.0,11993.0,12805.0,13282.0,13587.0,13663.0,13716.0,13608.0,13480.0,13207.0,12879.0,12508.0,12115.0,11723.0,11262.0,10780.0,10315.0,9883.0,9458.0,9077.0,8624.0,8232.0,7827.0,7468.0,7111.0,6768.0,6462.0,6151.0,5828.0,5545.0,5277.0,5025.0,4783.0,4564.0,4346.0,4146.0
0.0,0.0,0.0,0.0,3.0,5.0,9.0,6.0,5.0,9.0,13.0,16.0,20.0,31.0,35.0,37.0,45.0,54.0,77.0,94.0,116.0,137.0,172.0,197.0,246.0,317.0,387.0,442.0,541.0,639.0,792.0,958.0,1172.0,1445.0,1780.0,2132.0,2582.0,3076.0,3724.0,4491.0,5396.0,6531.0,7857.0,9417.0,11322.0,13545.0,16186.0,18846.0,21417.0,23445.0,24793.0,25747.0,26281.0,26580.0,26477.0,26272.0,25837.0,25235.0,24551.0,23945.0,23165.0,22404.0,21596.0,20661.0,19807.0,18912.0,18081.0,17247.0,16450.0,15647.0,14886.0,14183.0,13484.0,12802.0,12185.0,11533.0,10967.0,10415.0,9943.0,9484.0,9024.0,8614.0,8194.0,7811.0
0.0,0.0,0.0,0.0,1.0,2.0,5.0,7.0,7.0,8.0,8.0,11.0,19.0,22.0,27.0,35.0,37.0,43.0,52.0,58.0,69.0,87.0,106.0,124.0,153.0,179.0,224.0,267.0,318.0,392.0,463.0,561.0,714.0,867.0,1049.0,1267.0,1534.0,1858.0,2254.0,2705.0,3277.0,3973.0,4784.0,5766.0,6901.0,8297.0,10031.0,12023.0,13761.0,15136.0,16151.0,16801.0,17083.0,17227.0,17202.0,17046.0,16824.0,16493.0,16069.0,15643.0,15186.0,14705.0,14095.0,13592.0,13048.0,12502.0,11951.0,11376.0,10866.0,10302.0,9784.0,9270.0,8794.0,8351.0,7956.0,7573.0,7161.0,6813.0,6479.0,6148.0,5854.0,5572.0,5307.0,5047.0
0.0,0.0,0.0,0.0,2.0,4.0,5.0,7.0,11.0,17.0,21.0,29.0,38.0,40.0,42.0,58.0,75.0,99.0,120.0,142.0,164.0,195.0,234.0,279.0,327.0,404.0,486.0,586.0,704.0,879.0,1056.0,1285.0,1554.0,1890.0,2288.0,2753.0,3364.0,4082.0,4979.0,6031.0,7257.0,8689.0,10469.0,12571.0,15031.0,17827.0,21264.0,24872.0,28239.0,30812.0,32547.0,33571.0,34050.0,34230.0,33953.0,33523.0,32986.0,32193.0,31346.0,30344.0,29235.0,28236.0,27176.0,26001.0,24981.0,23879.0,22775.0,21675.0,20635.0,19623.0,18634.0,17737.0,16856.0,15945.0,15124.0,14361.0,13631.0,12963.0,12276.0,11674.0,11125.0,10593.0,10076.0,9628.0
0.0,0.0,0.0,0.0,2.0,2.0,7.0,10.0,11.0,10.0,14.0,13.0,20.0,24.0,26.0,31.0,42.0,50.0,71.0,85.0,98.0,131.0,171.0,212.0,241.0,285.0,359.0,454.0,561.0,653.0,792.0,969.0,1190.0,1439.0,1732.0,2102.0,2582.0,3131.0,3771.0,4459.0,5383.0,6477.0,7829.0,9396.0,11224.0,13511.0,16112.0,19007.0,21541.0,23579.0,24942.0,25770.0,26265.0,26420.0,26332.0,26051.0,25723.0,25250.0,24695.0,24034.0,23162.0,22384.0,21580.0,20753.0,19905.0,18988.0,18122.0,17256.0,16486.0,15662.0,14900.0,14188.0,13465.0,12835.0,12184.0,11573.0,10990.0,10422.0,9895.0,9406.0,8946.0,8518.0,8094.0,7719.0
0.0,0.0,1.0,0.0,2.0,5.0,7.0,8.0,9.0,12.0,11.0,10.0,10.0,16.0,19.0,24.0,30.0,43.0,47.0,58.0,69.0,93.0,120.0,139.0,192.0,245.0,297.0,385.0,477.0,580.0,713.0,833.0,1037.0,1262.0,1542.0,1860.0,2284.0,2783.0,3419.0,4106.0,4899.0,5915.0,7167.0,8612.0,10342.0,12404.0,14843.0,17576.0,19971.0,21952.0,23241.0,24107.0,24590.0,24720.0,24657.0,24405.0,23964.0,23508.0,23019.0,22326.0,21670.0,20997.0,20232.0,19460.0,18558.0,17737.0,16956.0,16194.0,15470.0,14806.0,14149.0,13502.0,12830.0,12165.0,11531.0,10954.0,10383.0,9870.0,9427.0,9012.0,8565.0,8144.0,7733.0,7355.0
0.0,0.0,0.0,1.0,2.0,4.0,4.0,4.0,4.0,6.0,8.0,7.0,8.0,11.0,16.0,18.0,19.0,19.0,21.0,27.0,36.0,40.0,51.0,60.0,81.0,95.0,103.0,143.0,171.0,210.0,244.0,281.0,348.0,426.0,531.0,638.0,761.0,923.0,1093.0,1306.0,1546.0,1862.0,2256.0,2748.0,3360.0,4058.0,4974.0,5859.0,6706.0,7394.0,7855.0,8185.0,8427.0,8489.0,8466.0,8410.0,8300.0,8170.0,7966.0,7734.0,7497.0,7239.0,7000.0,6766.0,6534.0,6234.0,5965.0,5717.0,5408.0,5182.0,4967.0,4754.0,4543.0,4328.0,4113.0,3941.0,3766.0,3578.0,3390.0,3228.0,3079.0,2913.0,2766.0,2630.0
0.0,0.0,0.0,0.0,1.0,2.0,5.0,7.0,11.0,13.0,14.0,15.0,17.0,18.0,26.0,27.0,26.0,37.0,43.0,53.0,72.0,82.0,101.0,128.0,147.0,168.0,199.0,237.0,286.0,333.0,404.0,493.0,599.0,735.0,873.0,1004.0,1204.0,1424.0,1697.0,2045.0,2494.0,2999.0,3639.0,4353.0,5345.0,6491.0,7820.0,9236.0,10618.0,11641.0,12321.0,12832.0,13119.0,13227.0,13265.0,13070.0,12856.0,12614.0,12350.0,11996.0,11651.0,11355.0,10924.0,10595.0,10154.0,9725.0,9293.0,8892.0,8527.0,8082.0,7678.0,7318.0,6944.0,6583.0,6276.0,5969.0,5691.0,5392.0,5109.0,4888.0,4622.0,4376.0,4163.0,3957.0
0.0,0.0,1.0,1.0,2.0,5.0,6.0,8.0,11.0,13.0,16.0,18.0,21.0,23.0,27.0,32.0,36.0,35.0,43.0,54.0,62.0,74.0,82.0,102.0,119.0,141.0,169.0,211.0,251.0,311.0,386.0,475.0,600.0,723.0,879.0,1063.0,1260.0,1538.0,1878.0,2288.0,2723.0,3312.0,3954.0,4811.0,5817.0,7043.0,8513.0,10146.0,11511.0,12595.0,13366.0,13823.0,14135.0,14298.0,14375.0,14208.0,13966.0,13755.0,13408.0,13073.0,12707.0,12328.0,11936.0,11488.0,11019.0,10541.0,10098.0,9648.0,9231.0,8801.0,8387.0,8023.0,7650.0,7302.0,6936.0,6595.0,6259.0,5945.0,5661.0,5376.0,5128.0,4891.0,4703.0,4466.0
0.0,1.0,1.0,1.0,5.0,7.0,8.0,8.0,10.0,11.0,15.0,18.0,21.0,30.0,31.0,34.0,37.0,45.0,57.0,65.0,77.0,82.0,101.0,110.0,134.0,150.0,172.0,227.0,265.0,317.0,404.0,495.0,611.0,754.0,878.0,1076.0,1338.0,1623.0,1963.0,2343.0,2808.0,3395.0,4024.0,4770.0,5754.0,6813.0,8147.0,9596.0,10926.0,12003.0,12814.0,13377.0,13673.0,13903.0,13828.0,13681.0,13520.0,13277.0,12997.0,12608.0,12198.0,11826.0,11385.0,10900.0,10490.0,10066.0,9622.0,9246.0,8801.0,8357.0,7969.0,7614.0,7266.0,6920.0,6572.0,6208.0,5919.0,5654.0,5390.0,5108.0,4856.0,4638.0,4391.0,4184.0
0.0,0.0,0.0,1.0,2.0,7.0,8.0,9.0,12.0,15.0,19.0,23.0,28.0,32.0,42.0,47.0,57.0,67.0,83.0,97.0,116.0,142.0,172.0,210.0,236.0,280.0,310.0,370.0,442.0,521.0,629.0,745.0,879.0,1072.0,1314.0,1577.0,1863.0,2244.0,2713.0,3320.0,3974.0,4843.0,5810.0,6938.0,8440.0,10103.0,12120.0,14355.0,16464.0,18087.0,19168.0,19842.0,20247.0,20393.0,20392.0,20234.0,19985.0,19535.0,19051.0,18551.0,17988.0,17367.0,16636.0,16055.0,15401.0,14709.0,14074.0,13374.0,12718.0,12101.0,11496.0,10918.0,10386.0,9831.0,9363.0,8891.0,8445.0,7962.0,7550.0,7192.0,6860.0,6518.0,6188.0,5882.0
0.0,0.0,0.0,0.0,2.0,3.0,5.0,6.0,8.0,9.0,12.0,15.0,15.0,19.0,21.0,23.0,30.0,35.0,42.0,50.0,54.0,61.0,77.0,86.0,95.0,118.0,145.0,169.0,210.0,246.0,306.0,393.0,475.0,594.0,684.0,842.0,981.0,1190.0,1456.0,1782.0,2135.0,2568.0,3103.0,3755.0,4546.0,5498.0,6641.0,7932.0,9091.0,10068.0,10717.0,11152.0,11330.0,11416.0,11436.0,11376.0,11214.0,10956.0,10690.0,10392.0,10080.0,9720.0,9334.0,8964.0,8580.0,8194.0,7836.0,7471.0,7113.0,6751.0,6420.0,6117.0,5820.0,5551.0,5266.0,4976.0,4739.0,4496.0,4262.0,4037.0,3855.0,3667.0,3493.0,3323.0
0.0,0.0,0.0,1.0,3.0,3.0,2.0,4.0,6.0,8.0,8.0,12.0,13.0,11.0,17.0,17.0,26.0,29.0,35.0,45.0,64.0,76.0,92.0,109.0,122.0,154.0,186.0,207.0,256.0,321.0,404.0,490.0,593.0,735.0,900.0,1058.0,1286.0,1555.0,1932.0,2341.0,2766.0,3358.0,4054.0,4849.0,5840.0,7030.0,8440.0,9963.0,11318.0,12516.0,13356.0,13883.0,14166.0,14319.0,14325.0,14248.0,14022.0,13723.0,13413.0,12945.0,12550.0,12149.0,11740.0,11256.0,10765.0,10331.0,9877.0,9427.0,8984.0,8594.0,8204.0,7801.0,7394.0,7011.0,6684.0,6359.0,6009.0,5678.0,5380.0,5089.0,4812.0,4555.0,4314.0,4082.0
0.0,0.0,0.0,0.0,3.0,4.0,8.0,11.0,16.0,16.0,24.0,30.0,39.0,52.0,65.0,81.0,91.0,116.0,147.0,181.0,214.0,270.0,333.0,391.0,484.0,580.0,714.0,879.0,1051.0,1283.0,1552.0,1904.0,2328.0,2839.0,3452.0,4111.0,4911.0,5850.0,7025.0,8492.0,10285.0,12340.0,14746.0,17572.0,20994.0,24832.0,29351.0,34320.0,38716.0,41933.0,44075.0,45344.0,45916.0,45826.0,45592.0,44978.0,44023.0,42951.0,41820.0,40599.0,39161.0,37632.0,36079.0,34553.0,32960.0,31474.0,29928.0,28499.0,27089.0,25715.0,24333.0,23099.0,21929.0,20854.0,19782.0,18756.0,17849.0,16924.0,16122.0,15275.0,14514.0,13801.0,13091.0,12449.0
0.0,0.0,0.0,0.0,2.0,4.0,5.0,7.0,6.0,6.0,7.0,11.0,13.0,14.0,17.0,19.0,31.0,36.0,44.0,61.0,77.0,87.0,101.0,119.0,141.0,172.0,216.0,267.0,308.0,373.0,444.0,564.0,684.0,855.0,1010.0,1213.0,1447.0,1777.0,2217.0,2682.0,3241.0,3852.0,4685.0,5638.0,6804.0,8220.0,9909.0,11778.0,13422.0,14766.0,15651.0,16223.0,16572.0,16725.0,16733.0,16563.0,16276.0,16038.0,15666.0,15250.0,14795.0,14364.0,13818.0,13215.0,12713.0,12179.0,11678.0,11168.0,10648.0,10173.0,9675.0,9197.0,8753.0,8338.0,7886.0,7497.0,7135.0,6775.0,6377.0,6026.0,5721.0,5426.0,5155.0,4895.0
0.0,0.0,0.0,1.0,2.0,4.0,5.0,7.0,10.0,10.0,11.0,11.0,11.0,11.0,14.0,12.0,19.0,24.0,28.0,31.0,41.0,48.0,54.0,56.0,83.0,93.0,110.0,134.0,166.0,202.0,245.0,289.0,357.0,399.0,489.0,592.0,707.0,887.0,1086.0,1320.0,1573.0,1924.0,2284.0,2800.0,3321.0,3994.0,4874.0,5764.0,6594.0,7192.0,7604.0,7910.0,8028.0,8121.0,8185.0,8137.0,8070.0,7932.0,7837.0,7615.0,7380.0,7133.0,6861.0,6598.0,6314.0,6061.0,5746.0,5496.0,5245.0,5000.0,4795.0,4537.0,4324.0,4090.0,3890.0,3701.0,3511.0,3323.0,3138.0,2974.0,2826.0,2676.0,2557.0,2428.0
0.0,0.0,1.0,1.0,1.0,3.0,4.0,6.0,8.0,11.0,17.0,17.0,21.0,23.0,25.0,27.0,27.0,29.0,31.0,36.0,48.0,61.0,74.0,85.0,97.0,113.0,133.0,164.0,198.0,243.0,295.0,355.0,429.0,515.0,616.0,732.0,862.0,1040.0,1235.0,1462.0,1746.0,2139.0,2589.0,3113.0,3714.0,4544.0,5444.0,6495.0,7387.0,8061.0,8623.0,8911.0,9031.0,9187.0,9231.0,9202.0,9097.0,8935.0,8789.0,8534.0,8202.0,7941.0,7706.0,7410.0,7123.0,6843.0,6558.0,6252.0,5970.0,5668.0,5431.0,5206.0,4948.0,4679.0,4475.0,4247.0,4033.0,3850.0,3669.0,3492.0,3335.0,3172.0,3017.0,2865.0
0.0,0.0,1.0,1.0,2.0,3.0,5.0,8.0,6.0,8.0,12.0,18.0,24.0,30.0,43.0,56.0,74.0,87.0,110.0,125.0,145.0,172.0,205.0,244.0,290.0,355.0,425.0,508.0,591.0,694.0,847.0,1008.0,1220.0,1490.0,1784.0,2153.0,2580.0,3065.0,3657.0,4373.0,5260.0,6330.0,7686.0,9295.0,11236.0,13345.0,15937.0,18675.0,21189.0,23092.0,24521.0,25409.0,25765.0,25871.0,25694.0,25419.0,24998.0,24489.0,23854.0,23165.0,22410.0,21633.0,20879.0,20034.0,19160.0,18331.0,17520.0,16672.0,15899.0,15141.0,14361.0,13670.0,12951.0,12317.0,11660.0,11068.0,10490.0,9910.0,9464.0,9019.0,8567.0,8192.0,7819.0,7417.0
0.0,0.0,0.0,3.0,4.0,4.0,8.0,9.0,12.0,20.0,21.0,22.0,24.0,32.0,36.0,46.0,58.0,72.0,91.0,107.0,132.0,168.0,201.0,256.0,329.0,388.0,442.0,524.0,634.0,786.0,935.0,1149.0,1413.0,1708.0,2063.0,2504.0,2998.0,3641.0,4382.0,5292.0,6431.0,7632.0,9234.0,11157.0,13405.0,16011.0,19038.0,22392.0,25244.0,27495.0,29083.0,30074.0,30490.0,30506.0,30363.0,29958.0,29489.0,28847.0,28174.0,27258.0,26440.0,25510.0,24533.0,23530.0,22517.0,21394.0,20470.0,19494.0,18586.0,17659.0,16821.0,15938.0,15195.0,14405.0,13682.0,12967.0,12339.0,11722.0,11122.0,10513.0,9958.0,9449.0,8971.0,8542.0
0.0,0.0,1.0,1.0,3.0,5.0,8.0,11.0,15.0,16.0,18.0,21.0,22.0,20.0,30.0,43.0,54.0,74.0,95.0,119.0,140.0,172.0,199.0,240.0,294.0,369.0,426.0,494.0,599.0,725.0,868.0,1071.0,1260.0,1502.0,1842.0,2249.0,2686.0,3208.0,3809.0,4586.0,5538.0,6583.0,7908.0,9569.0,11511.0,13796.0,16452.0,19440.0,22244.0,24259.0,25659.0,26442.0,26867.0,27070.0,27018.0,26875.0,26375.0,25899.0,25193.0,24441.0,23504.0,22703.0,21870.0,21001.0,20133.0,19286.0,18380.0,17481.0,16646.0,15851.0,15115.0,14371.0,13661.0,13025.0,12353.0,11764.0,11138.0,10600.0,10081.0,9604.0,9133.0,8657.0,8234.0,7843.0
0.0,0.0,0.0,1.0,3.0,3.0,4.0,6.0,5.0,4.0,6.0,10.0,12.0,16.0,22.0,25.0,31.0,36.0,43.0,49.0,58.0,65.0,84.0,95.0,127.0,149.0,164.0,201.0,239.0,286.0,333.0,413.0,500.0,594.0,734.0,911.0,1083.0,1319.0,1593.0,1943.0,2378.0,2850.0,3378.0,4044.0,4819.0,5831.0,7099.0,8399.0,9609.0,10588.0,11276.0,11759.0,11973.0,12139.0,12186.0,12102.0,11921.0,11746.0,11528.0,11169.0,10875.0,10541.0,10180.0,9811.0,9420.0,8995.0,8634.0,8258.0,7856.0,7481.0,7113.0,6730.0,6433.0,6134.0,5870.0,5582.0,5284.0,5026.0,4782.0,4527.0,4331.0,4121.0,3909.0,3713.0
0.0,0.0,1.0,2.0,3.0,4.0,6.0,7.0,9.0,10.0,14.0,20.0,25.0,33.0,44.0,57.0,67.0,85.0,107.0,128.0,151.0,181.0,207.0,258.0,318.0,377.0,454.0,551.0,661.0,792.0,925.0,1124.0,1346.0,1636.0,1990.0,2440.0,2921.0,3520.0,4251.0,5130.0,6080.0,7236.0,8598.0,10319.0,12322.0,14826.0,17618.0,20674.0,23481.0,25650.0,27284.0,28157.0,28565.0,28768.0,28630.0,28288.0,27842.0,27136.0,26405.0,25663.0,24805.0,23980.0,23097.0,22152.0,21256.0,20291.0,19369.0,18460.0,17506.0,16613.0,15822.0,15039.0,14338.0,13653.0,12929.0,12288.0,11663.0,11098.0,10542.0,10066.0,9546.0,9071.0,8644.0,8243.0
0.0,0.0,0.0,1.0,3.0,5.0,6.0,7.0,8.0,8.0,12.0,16.0,17.0,17.0,22.0,29.0,33.0,41.0,43.0,54.0,64.0,87.0,112.0,130.0,150.0,179.0,216.0,254.0,306.0,362.0,436.0,524.0,612.0,735.0,895.0,1061.0,1267.0,1512.0,1842.0,2133.0,2579.0,3132.0,3858.0,4649.0,5591.0,6711.0,7963.0,9367.0,10700.0,11694.0,12394.0,12966.0,13218.0,13374.0,13318.0,13166.0,13006.0,12742.0,12452.0,12195.0,11833.0,11414.0,11028.0,10609.0,10167.0,9747.0,9290.0,8868.0,8444.0,8019.0,7635.0,7323.0,6989.0,6645.0,6365.0,6071.0,5790.0,5504.0,5232.0,4979.0,4748.0,4501.0,4294.0,4086.0
0.0,0.0,0.0,2.0,3.0,5.0,5.0,5.0,5.0,6.0,10.0,13.0,16.0,19.0,18.0,20.0,24.0,37.0,47.0,52.0,65.0,72.0,87.0,103.0,121.0,144.0,164.0,209.0,261.0,307.0,359.0,412.0,514.0,605.0,722.0,862.0,1053.0,1299.0,1558.0,1877.0,2273.0,2725.0,3330.0,3961.0,4807.0,5831.0,7128.0,8550.0,9795.0,10809.0,11577.0,12003.0,12269.0,12363.0,12361.0,12313.0,12168.0,11950.0,11726.0,11361.0,11024.0,10625.0,10244.0,9838.0,9411.0,9046.0,8660.0,8242.0,7876.0,7534.0,7161.0,6828.0,6513.0,6207.0,5892.0,5590.0,5269.0,5011.0,4744.0,4526.0,4288.0,4078.0,3876.0,3695.0
0.0,0.0,0.0,2.0,3.0,5.0,6.0,7.0,12.0,15.0,17.0,17.0,24.0,28.0,35.0,37.0,45.0,62.0,75.0,94.0,122.0,159.0,194.0,243.0,298.0,375.0,444.0,544.0,644.0,767.0,955.0,1156.0,1431.0,1689.0,2006.0,2433.0,2945.0,3556.0,4345.0,5302.0,6327.0,7568.0,9161.0,11009.0,13253.0,15808.0,18775.0,22112.0,24975.0,27416.0,29022.0,30055.0,30511.0,30521.0,30358.0,30153.0,29690.0,28973.0,28196.0,27339.0,26427.0,25510.0,24498.0,23531.0,22479.0,21530.0,20543.0,19607.0,18741.0,17847.0,17008.0,16160.0,15381.0,14574.0,13840.0,13120.0,12424.0,11806.0,11220.0,10675.0,10125.0,9653.0,9218.0,8774.0
0.0,0.0,0.0,1.0,1.0,3.0,5.0,4.0,8.0,9.0,11.0,17.0,24.0,28.0,36.0,42.0,50.0,65.0,74.0,87.0,110.0,144.0,170.0,212.0,248.0,292.0,343.0,427.0,537.0,653.0,789.0,960.0,1171.0,1439.0,1735.0,2126.0,2615.0,3130.0,3776.0,4594.0,5429.0,6492.0,7959.0,9488.0,11401.0,13659.0,16288.0,19158.0,21818.0,23827.0,25248.0,26149.0,26603.0,26732.0,26671.0,26484.0,26087.0,25568.0,24955.0,24291.0,23517.0,22644.0,21775.0,20925.0,20084.0,19250.0,18396.0,17534.0,16735.0,15910.0,15141.0,14398.0,13702.0,12957.0,12216.0,11553.0,10936.0,10350.0,9771.0,9269.0,8816.0,8407.0,7998.0,7598.0
0.0,0.0,0.0,1.0,4.0,3.0,5.0,6.0,6.0,6.0,8.0,8.0,11.0,15.0,17.0,20.0,23.0,29.0,36.0,43.0,49.0,57.0,60.0,71.0,80.0,94.0,105.0,124.0,149.0,180.0,218.0,261.0,302.0,380.0,473.0,549.0,663.0,796.0,936.0,1134.0,1361.0,1632.0,1944.0,2360.0,2841.0,3440.0,4196.0,4991.0,5827.0,6364.0,6818.0,7073.0,7181.0,7239.0,7192.0,7126.0,7038.0,6905.0,6802.0,6599.0,6415.0,6202.0,6002.0,5819.0,5570.0,5367.0,5139.0,4893.0,4669.0,4452.0,4239.0,4046.0,3849.0,3677.0,3475.0,3300.0,3132.0,2977.0,2828.0,2670.0,2542.0,2424.0,2294.0,2164.0
0.0,0.0,1.0,1.0,1.0,4.0,4.0,5.0,5.0,8.0,11.0,17.0,22.0,35.0,42.0,51.0,61.0,76.0,90.0,115.0,146.0,166.0,195.0,246.0,305.0,387.0,475.0,589.0,720.0,851.0,1037.0,1258.0,1519.0,1788.0,2142.0,2593.0,3115.0,3716.0,4553.0,5532.0,6667.0,8000.0,9619.0,11570.0,13856.0,16622.0,19782.0,23110.0,26174.0,28591.0,30172.0,31298.0,31819.0,31906.0,31836.0,31474.0,30959.0,30288.0,29459.0,28581.0,27689.0,26662.0,25701.0,24581.0,23537.0,22480.0,21482.0,20467.0,19496.0,18573.0,17646.0,16707.0,15896.0,15096.0,14305.0,13614.0,12914.0,12226.0,11586.0,11028.0,10462.0,9979.0,9481.0,9003.0
0.0,0.0,0.0,1.0,2.0,5.0,7.0,6.0,8.0,10.0,14.0,17.0,15.0,17.0,23.0,30.0,36.0,41.0,61.0,74.0,96.0,110.0,136.0,160.0,202.0,245.0,303.0,378.0,447.0,536.0,645.0,779.0,957.0,1161.0,1373.0,1649.0,2003.0,2446.0,2943.0,3529.0,4245.0,5096.0,6123.0,7381.0,8838.0,10577.0,12688.0,14965.0,17000.0,18735.0,19788.0,20405.0,20776.0,20886.0,20971.0,20738.0,20426.0,19991.0,19587.0,19081.0,18441.0,17766.0,17115.0,16507.0,15795.0,15111.0,14475.0,13830.0,13213.0,12547.0,11944.0,11389.0,10782.0,10268.0,9720.0,9225.0,8774.0,8349.0,7905.0,7541.0,7196.0,6862.0,6567.0,6252.0
0.0,0.0,0.0,3.0,5.0,6.0,5.0,5.0,7.0,11.0,11.0,13.0,15.0,19.0,26.0,29.0,33.0,38.0,47.0,61.0,80.0,88.0,106.0,118.0,147.0,162.0,195.0,227.0,269.0,330.0,397.0,473.0,552.0,655.0,773.0,951.0,1134.0,1344.0,1616.0,1913.0,2287.0,2748.0,3307.0,3953.0,4752.0,5681.0,6890.0,8180.0,9410.0,10440.0,11043.0,11530.0,11730.0,11820.0,11829.0,11773.0,11669.0,11517.0,11259.0,10974.0,10676.0,10409.0,10064.0,9684.0,9261.0,8864.0,8501.0,8074.0,7710.0,7316.0,6977.0,6643.0,6333.0,6018.0,5696.0,5427.0,5117.0,4884.0,4681.0,4429.0,4217.0,3994.0,3808.0,3600.0
0.0,0.0,0.0,2.0,4.0,3.0,4.0,3.0,5.0,6.0,7.0,9.0,9.0,10.0,11.0,11.0,11.0,12.0,20.0,23.0,27.0,38.0,47.0,59.0,75.0,82.0,98.0,125.0,151.0,187.0,225.0,299.0,351.0,431.0,510.0,608.0,748.0,913.0,1119.0,1356.0,1672.0,2012.0,2393.0,2869.0,3537.0,4224.0,5071.0,6001.0,6987.0,7711.0,8255.0,8587.0,8868.0,8909.0,8904.0,8884.0,8766.0,8646.0,8427.0,8192.0,7932.0,7684.0,7407.0,7147.0,6879.0,6578.0,6296.0,6031.0,5776.0,5478.0,5200.0,4915.0,4690.0,4466.0,4251.0,4063.0,3887.0,3678.0,3484.0,3307.0,3149.0,2993.0,2877.0,2733.0
0.0,0.0,0.0,1.0,1.0,2.0,1.0,4.0,5.0,6.0,6.0,5.0,5.0,7.0,8.0,12.0,16.0,20.0,20.0,23.0,33.0,38.0,45.0,48.0,68.0,76.0,92.0,110.0,126.0,151.0,186.0,225.0,267.0,319.0,396.0,478.0,574.0,691.0,846.0,1016.0,1188.0,1401.0,1696.0,2040.0,2450.0,2929.0,3522.0,4175.0,4846.0,5290.0,5646.0,5861.0,5919.0,6017.0,6030.0,6006.0,5896.0,5820.0,5710.0,5590.0,5428.0,5208.0,5029.0,4818.0,4665.0,4467.0,4269.0,4089.0,3883.0,3708.0,3544.0,3361.0,3208.0,3079.0,2943.0,2801.0,2651.0,2532.0,2431.0,2308.0,2203.0,2089.0,1984.0,1861.0
0.0,0.0,0.0,2.0,3.0,3.0,5.0,6.0,6.0,6.0,9.0,8.0,12.0,14.0,15.0,18.0,23.0,29.0,36.0,41.0,51.0,59.0,71.0,91.0,110.0,141.0,176.0,210.0,255.0,299.0,364.0,457.0,555.0,658.0,776.0,979.0,1173.0,1393.0,1690.0,2074.0,2469.0,2994.0,3629.0,4303.0,5189.0,6162.0,7383.0,8699.0,9869.0,10890.0,11567.0,12039.0,12337.0,12492.0,12444.0,12374.0,12187.0,11959.0,11682.0,11393.0,10974.0,10612.0,10285.0,9870.0,9504.0,9118.0,8738.0,8331.0,7945.0,7570.0,7213.0,6826.0,6507.0,6217.0,5901.0,5592.0,5288.0,5021.0,4765.0,4534.0,4330.0,4133.0,3958.0,3760.0
0.0,0.0,0.0,0.0,2.0,4.0,7.0,11.0,14.0,22.0,29.0,33.0,39.0,45.0,57.0,71.0,94.0,106.0,125.0,149.0,181.0,219.0,260.0,321.0,395.0,515.0,624.0,755.0,917.0,1163.0,1377.0,1675.0,2017.0,2443.0,2915.0,3624.0,4257.0,5081.0,6117.0,7435.0,9067.0,10906.0,13007.0,15450.0,18485.0,21748.0,25734.0,29932.0,33770.0,36771.0,38718.0,39792.0,40348.0,40396.0,40216.0,39664.0,38917.0,37943.0,36770.0,35704.0,34497.0,33232.0,31953.0,30510.0,29108.0,27695.0,26360.0,25053.0,23842.0,22647.0,21457.0,20291.0,19187.0,18203.0,17278.0,16416.0,15606.0,14787.0,14006.0,13321.0,12599.0,12001.0,11405.0,10842.0
0.0,0.0,0.0,0.0,2.0,3.0,2.0,4.0,3.0,3.0,5.0,6.0,4.0,3.0,7.0,10.0,10.0,14.0,17.0,22.0,28.0,37.0,47.0,63.0,81.0,103.0,126.0,148.0,182.0,221.0,264.0,330.0,411.0,496.0,578.0,702.0,860.0,1039.0,1305.0,1557.0,1847.0,2244.0,2705.0,3323.0,4031.0,4829.0,5961.0,7000.0,7974.0,8808.0,9368.0,9722.0,9972.0,10071.0,10086.0,9958.0,9857.0,9676.0,9442.0,9119.0,8880.0,8610.0,8275.0,8008.0,7692.0,7328.0,7002.0,6682.0,6349.0,6031.0,5713.0,5447.0,5179.0,4911.0,4653.0,4425.0,4220.0,4013.0,3802.0,3614.0,3456.0,3288.0,3160.0,3000.0
0.0,0.0,0.0,2.0,3.0,4.0,6.0,8.0,7.0,13.0,15.0,19.0,22.0,30.0,46.0,51.0,62.0,80.0,97.0,107.0,125.0,146.0,170.0,197.0,229.0,271.0,322.0,380.0,455.0,546.0,637.0,787.0,964.0,1172.0,1390.0,1649.0,1955.0,2363.0,2820.0,3442.0,4097.0,4955.0,6044.0,7281.0,8674.0,10460.0,12484.0,14699.0,16756.0,18388.0,19422.0,20119.0,20534.0,20712.0,20619.0,20443.0,20137.0,19773.0,19310.0,18806.0,18253.0,17536.0,16866.0,16229.0,15554.0,14864.0,14215.0,13596.0,12941.0,12299.0,11663.0,11121.0,10600.0,10104.0,9630.0,9145.0,8727.0,8285.0,7870.0,7521.0,7195.0,6825.0,6520.0,6237.0
0.0,0.0,0.0,2.0,4.0,5.0,5.0,3.0,3.0,5.0,5.0,5.0,7.0,7.0,9.0,12.0,13.0,17.0,20.0,25.0,30.0,34.0,42.0,55.0,67.0,72.0,91.0,108.0,129.0,172.0,218.0,261.0,308.0,370.0,425.0,504.0,590.0,708.0,875.0,1055.0,1290.0,1545.0,1832.0,2192.0,2611.0,3168.0,3798.0,4439.0,5037.0,5490.0,5856.0,6118.0,6211.0,6262.0,6236.0,6216.0,6136.0,6046.0,5907.0,5793.0,5620.0,5417.0,5277.0,5087.0,4873.0,4662.0,4452.0,4257.0,4081.0,3883.0,3727.0,3554.0,3348.0,3194.0,3006.0,2856.0,2713.0,2565.0,2440.0,2320.0,2194.0,2074.0,1979.0,1872.0
0.0,0.0,0.0,0.0,1.0,2.0,6.0,7.0,9.0,11.0,12.0,15.0,16.0,22.0,26.0,33.0,42.0,53.0,67.0,85.0,103.0,134.0,157.0,193.0,230.0,284.0,358.0,440.0,545.0,653.0,781.0,921.0,1085.0,1350.0,1604.0,1884.0,2291.0,2790.0,3330.0,3991.0,4844.0,5873.0,6995.0,8394.0,10090.0,12064.0,14396.0,16971.0,19231.0,20992.0,22126.0,22927.0,23365.0,23455.0,23371.0,23205.0,22866.0,22395.0,21842.0,21195.0,20531.0,19895.0,19165.0,18400.0,17647.0,16946.0,16229.0,15469.0,14742.0,14056.0,13302.0,12657.0,12009.0,11449.0,10874.0,10349.0,9821.0,9333.0,8865.0,8416.0,7985.0,7618.0,7270.0,6937.0
0.0,0.0,0.0,2.0,2.0,2.0,5.0,6.0,8.0,8.0,12.0,13.0,18.0,28.0,37.0,44.0,50.0,61.0,77.0,93.0,111.0,138.0,176.0,207.0,254.0,282.0,327.0,392.0,478.0,585.0,696.0,840.0,1008.0,1240.0,1474.0,1773.0,2112.0,2543.0,3057.0,3756.0,4558.0,5503.0,6573.0,7957.0,9612.0,11480.0,13694.0,16135.0,18272.0,20102.0,21337.0,22115.0,22447.0,22598.0,22594.0,22441.0,22208.0,21813.0,21261.0,20701.0,20039.0,19401.0,18709.0,18003.0,17306.0,16549.0,15821.0,15105.0,14377.0,13710.0,13083.0,12492.0,11918.0,11340.0,10768.0,10223.0,9720.0,9252.0,8803.0,8401.0,7982.0,7588.0,7262.0,6915.0
0.0,0.0,0.0,2.0,1.0,1.0,2.0,4.0,4.0,5.0,5.0,5.0,5.0,6.0,8.0,10.0,12.0,13.0,12.0,13.0,19.0,21.0,23.0,28.0,36.0,51.0,58.0,65.0,76.0,92.0,100.0,118.0,139.0,160.0,190.0,243.0,285.0,339.0,422.0,522.0,637.0,771.0,930.0,1112.0,1317.0,1588.0,1889.0,2288.0,2607.0,2860.0,3034.0,3172.0,3275.0,3269.0,3292.0,3298.0,3276.0,3214.0,3167.0,3070.0,2971.0,2896.0,2787.0,2684.0,2584.0,2458.0,2365.0,2287.0,2178.0,2069.0,1969.0,1880.0,1787.0,1722.0,1630.0,1553.0,1480.0,1413.0,1349.0,1265.0,1210.0,1145.0,1102.0,1034.0
0.0,0.0,0.0,0.0,4.0,5.0,6.0,6.0,8.0,9.0,10.0,16.0,17.0,22.0,25.0,31.0,34.0,45.0,52.0,64.0,77.0,106.0,126.0,158.0,188.0,215.0,269.0,317.0,377.0,458.0,515.0,605.0,730.0,914.0,1093.0,1338.0,1608.0,1965.0,2335.0,2814.0,3405.0,4067.0,4850.0,5775.0,6921.0,8388.0,9984.0,11769.0,13499.0,14739.0,15594.0,16180.0,16572.0,16760.0,16711.0,16606.0,16377.0,16041.0,15679.0,15293.0,14849.0,14354.0,13817.0,13247.0,12626.0,12078.0,11565.0,11067.0,10534.0,10063.0,9562.0,9110.0,8727.0,8331.0,7920.0,7500.0,7131.0,6774.0,6421.0,6122.0,5824.0,5511.0,5251.0,5004.0
0.0,0.0,0.0,3.0,4.0,5.0,5.0,4.0,5.0,6.0,10.0,13.0,15.0,16.0,22.0,25.0,27.0,32.0,36.0,43.0,48.0,60.0,72.0,85.0,94.0,116.0,138.0,166.0,205.0,249.0,297.0,355.0,422.0,521.0,623.0,761.0,913.0,1083.0,1327.0,1613.0,1952.0,2370.0,2929.0,3555.0,4278.0,5101.0,6131.0,7322.0,8345.0,9214.0,9712.0,10087.0,10325.0,10423.0,10432.0,10408.0,10268.0,10108.0,9914.0,9639.0,9387.0,9054.0,8705.0,8375.0,8032.0,7706.0,7407.0,7095.0,6790.0,6472.0,6173.0,5876.0,5591.0,5304.0,5095.0,4847.0,4586.0,4349.0,4106.0,3882.0,3691.0,3520.0,3360.0,3209.0
0.0,0.0,0.0,2.0,6.0,6.0,7.0,10.0,11.0,10.0,11.0,13.0,14.0,14.0,11.0,12.0,13.0,14.0,19.0,20.0,24.0,27.0,31.0,38.0,48.0,55.0,65.0,84.0,93.0,118.0,138.0,166.0,210.0,269.0,340.0,432.0,529.0,664.0,798.0,969.0,1190.0,1445.0,1778.0,2162.0,2544.0,3074.0,3749.0,4478.0,5196.0,5725.0,6147.0,6396.0,6579.0,6626.0,6632.0,6595.0,6534.0,6406.0,6284.0,6119.0,5926.0,5712.0,5550.0,5312.0,5138.0,4937.0,4728.0,4541.0,4342.0,4153.0,3931.0,3729.0,3507.0,3371.0,3207.0,3030.0,2883.0,2747.0,2616.0,2486.0,2375.0,2256.0,2143.0,2040.0
0.0,0.0,0.0,1.0,2.0,4.0,4.0,6.0,7.0,7.0,7.0,7.0,11.0,13.0,15.0,21.0,22.0,28.0,36.0,45.0,58.0,70.0,80.0,87.0,99.0,116.0,142.0,169.0,216.0,265.0,329.0,402.0,497.0,626.0,777.0,951.0,1159.0,1404.0,1690.0,2088.0,2484.0,2952.0,3549.0,4309.0,5159.0,6222.0,7441.0,8866.0,10067.0,11032.0,11702.0,12197.0,12467.0,12590.0,12584.0,12442.0,12371.0,12215.0,11949.0,11645.0,11248.0,10850.0,10453.0,10085.0,9633.0,9210.0,8809.0,8439.0,8042.0,7653.0,7320.0,6955.0,6599.0,6263.0,6003.0,5730.0,5429.0,5150.0,4885.0,4629.0,4416.0,4188.0,3976.0,3763.0
0.0,0.0,0.0,1.0,3.0,6.0,6.0,7.0,10.0,12.0,21.0,27.0,36.0,43.0,48.0,58.0,64.0,80.0,90.0,111.0,136.0,164.0,196.0,230.0,269.0,318.0,376.0,447.0,517.0,626.0,743.0,887.0,1079.0,1293.0,1570.0,1870.0,2285.0,2793.0,3299.0,3986.0,4817.0,5735.0,6897.0,8254.0,9844.0,11747.0,14088.0,16562.0,18890.0,20725.0,22043.0,22865.0,23241.0,23360.0,23254.0,23111.0,22649.0,22249.0,21726.0,21065.0,20404.0,19684.0,18961.0,18243.0,17438.0,16717.0,15982.0,15230.0,14515.0,13818.0,13130.0,12466.0,11840.0,11227.0,10696.0,10201.0,9691.0,9160.0,8720.0,8295.0,7864.0,7501.0,7158.0,6834.0
0.0,0.0,1.0,1.0,1.0,3.0,7.0,8.0,7.0,5.0,5.0,5.0,6.0,8.0,10.0,9.0,12.0,14.0,20.0,25.0,27.0,31.0,37.0,45.0,57.0,69.0,81.0,102.0,117.0,139.0,165.0,210.0,242.0,307.0,365.0,435.0,535.0,628.0,766.0,913.0,1083.0,1296.0,1536.0,1830.0,2215.0,2702.0,3310.0,3920.0,4553.0,5020.0,5346.0,5628.0,5734.0,5712.0,5742.0,5691.0,5636.0,5506.0,5442.0,5246.0,5080.0,4935.0,4754.0,4569.0,4384.0,4193.0,3982.0,3787.0,3622.0,3445.0,3295.0,3142.0,2988.0,2842.0,2687.0,2548.0,2427.0,2314.0,2206.0,2112.0,2010.0,1924.0,1835.0,1751.0
0.0,0.0,1.0,2.0,3.0,4.0,5.0,6.0,7.0,8.0,11.0,13.0,16.0,19.0,23.0,25.0,38.0,46.0,49.0,60.0,60.0,70.0,87.0,106.0,130.0,163.0,216.0,270.0,338.0,424.0,518.0,614.0,739.0,886.0,1063.0,1304.0,1577.0,1874.0,2267.0,2711.0,3266.0,3991.0,4828.0,5845.0,7090.0,8444.0,10203.0,12133.0,13795.0,15116.0,16058.0,16633.0,16984.0,17138.0,17072.0,16941.0,16736.0,16429.0,16045.0,15677.0,15185.0,14562.0,13995.0,13498.0,12958.0,12451.0,11898.0,11407.0,10870.0,10370.0,9896.0,9467.0,8974.0,8513.0,8078.0,7645.0,7249.0,6837.0,6526.0,6223.0,5884.0,5603.0,5307.0,5080.0
0.0,0.0,1.0,3.0,2.0,4.0,5.0,5.0,7.0,9.0,10.0,10.0,16.0,16.0,22.0,26.0,29.0,38.0,42.0,51.0,57.0,70.0,81.0,93.0,111.0,130.0,149.0,168.0,186.0,242.0,282.0,357.0,422.0,499.0,588.0,706.0,851.0,1035.0,1258.0,1456.0,1763.0,2089.0,2458.0,3001.0,3549.0,4295.0,5198.0,6139.0,6964.0,7697.0,8229.0,8526.0,8706.0,8840.0,8905.0,8844.0,8760.0,8592.0,8437.0,8232.0,8006.0,7683.0,7433.0,7170.0,6926.0,6672.0,6402.0,6108.0,5820.0,5544.0,5298.0,5057.0,4776.0,4536.0,4290.0,4079.0,3882.0,3686.0,3524.0,3355.0,3210.0,3065.0,2924.0,2791.0
0.0,0.0,0.0,0.0,2.0,3.0,3.0,5.0,8.0,11.0,17.0,24.0,29.0,34.0,38.0,52.0,56.0,79.0,99.0,118.0,145.0,172.0,221.0,272.0,340.0,421.0,523.0,646.0,780.0,936.0,1116.0,1368.0,1646.0,1981.0,2426.0,2910.0,3533.0,4221.0,5062.0,6153.0,7394.0,8837.0,10538.0,12681.0,15072.0,17911.0,21250.0,24960.0,28262.0,30840.0,32615.0,33635.0,34080.0,34295.0,34006.0,33567.0,33027.0,32348.0,31392.0,30302.0,29236.0,28094.0,27066.0,25955.0,24871.0,23787.0,22696.0,21614.0,20517.0,19599.0,18618.0,17722.0,16875.0,16003.0,15216.0,14448.0,13726.0,12995.0,12325.0,11722.0,11087.0,10544.0,10014.0,9548.0
0.0,0.0,0.0,0.0,3.0,4.0,7.0,9.0,13.0,16.0,19.0,30.0,41.0,52.0,71.0,84.0,104.0,125.0,153.0,182.0,226.0,284.0,345.0,417.0,489.0,601.0,720.0,893.0,1095.0,1328.0,1621.0,1989.0,2368.0,2902.0,3545.0,4243.0,5147.0,6189.0,7446.0,9034.0,10772.0,12979.0,15580.0,18581.0,22240.0,26341.0,30870.0,35868.0,40435.0,44041.0,46211.0,47466.0,47981.0,48072.0,47631.0,46899.0,45858.0,44716.0,43443.0,41989.0,40514.0,38931.0,37294.0,35694.0,34103.0,32473.0,30974.0,29462.0,28038.0,26638.0,25244.0,23889.0,22622.0,21485.0,20325.0,19193.0,18178.0,17311.0,16443.0,15650.0,14873.0,14123.0,13455.0,12833.0
0.0,0.0,0.0,1.0,3.0,3.0,5.0,8.0,7.0,8.0,9.0,11.0,15.0,23.0,27.0,35.0,42.0,48.0,65.0,82.0,96.0,105.0,125.0,148.0,173.0,212.0,242.0,287.0,348.0,414.0,520.0,627.0,756.0,924.0,1087.0,1323.0,1558.0,1883.0,2248.0,2787.0,3381.0,4041.0,4890.0,5840.0,7090.0,8397.0,10077.0,11995.0,13769.0,15119.0,16064.0,16651.0,16979.0,17174.0,17185.0,17118.0,16905.0,16576.0,16188.0,15772.0,15305.0,14798.0,14226.0,13696.0,13090.0,12531.0,11971.0,11400.0,10836.0,10349.0,9855.0,9360.0,8907.0,8470.0,8059.0,7665.0,7312.0,6959.0,6658.0,6325.0,6042.0,5749.0,5484.0,5237.0
0.0,0.0,0.0,0.0,2.0,2.0,4.0,5.0,7.0,8.0,8.0,9.0,14.0,13.0,19.0,26.0,36.0,44.0,50.0,60.0,67.0,91.0,109.0,126.0,149.0,176.0,224.0,293.0,358.0,429.0,518.0,642.0,766.0,954.0,1164.0,1383.0,1679.0,2018.0,2436.0,2965.0,3566.0,4273.0,5123.0,6212.0,7440.0,8836.0,10528.0,12434.0,14171.0,15614.0,16612.0,17190.0,17482.0,17565.0,17485.0,17362.0,17162.0,16788.0,16460.0,16011.0,15403.0,14932.0,14396.0,13802.0,13183.0,12624.0,12041.0,11494.0,10911.0,10432.0,9964.0,9466.0,9018.0,8596.0,8129.0,7696.0,7325.0,6993.0,6674.0,6317.0,5975.0,5673.0,5410.0,5154.0
0.0,0.0,0.0,0.0,4.0,4.0,3.0,4.0,4.0,4.0,7.0,6.0,9.0,12.0,16.0,18.0,15.0,17.0,18.0,26.0,33.0,40.0,38.0,51.0,62.0,79.0,96.0,118.0,143.0,173.0,199.0,240.0,283.0,344.0,418.0,507.0,623.0,769.0,917.0,1045.0,1264.0,1483.0,1798.0,2180.0,2597.0,3068.0,3683.0,4342.0,4930.0,5415.0,5807.0,6032.0,6186.0,6277.0,6269.0,6228.0,6179.0,6081.0,5975.0,5767.0,5600.0,5422.0,5257.0,5086.0,4875.0,4709.0,4494.0,4282.0,4077.0,3877.0,3719.0,3561.0,3379.0,3231.0,3068.0,2903.0,2741.0,2591.0,2455.0,2341.0,2224.0,2117.0,2025.0,1930.0
0.0,0.0,0.0,0.0,4.0,7.0,8.0,10.0,8.0,12.0,16.0,23.0,28.0,39.0,51.0,57.0,66.0,87.0,109.0,134.0,162.0,201.0,239.0,280.0,350.0,403.0,501.0,554.0,664.0,804.0,959.0,1149.0,1398.0,1692.0,2052.0,2472.0,3005.0,3639.0,4449.0,5342.0,6506.0,7827.0,9444.0,11372.0,13646.0,16375.0,19506.0,22813.0,25970.0,28369.0,30175.0,31214.0,31688.0,31843.0,31734.0,31299.0,30784.0,30123.0,29292.0,28374.0,27484.0,26504.0,25520.0,24517.0,23456.0,22381.0,21332.0,20291.0,19346.0,18374.0,17476.0,16605.0,15739.0,14931.0,14180.0,13458.0,12756.0,12040.0,11472.0,10934.0,10396.0,9880.0,9363.0,8918.0
0.0,0.0,1.0,1.0,3.0,3.0,4.0,5.0,6.0,7.0,9.0,11.0,11.0,12.0,13.0,15.0,19.0,23.0,24.0,31.0,37.0,46.0,56.0,57.0,66.0,81.0,101.0,122.0,142.0,170.0,205.0,252.0,298.0,368.0,455.0,537.0,663.0,794.0,962.0,1179.0,1400.0,1684.0,2036.0,2401.0,2917.0,3509.0,4253.0,5004.0,5725.0,6323.0,6731.0,6994.0,7129.0,7202.0,7218.0,7188.0,7106.0,7004.0,6830.0,6619.0,6425.0,6229.0,5989.0,5778.0,5543.0,5309.0,5087.0,4854.0,4629.0,4392.0,4190.0,3986.0,3789.0,3614.0,3425.0,3275.0,3112.0,2941.0,2803.0,2657.0,2504.0,2379.0,2266.0,2169.0
0.0,0.0,0.0,0.0,2.0,4.0,6.0,9.0,10.0,12.0,14.0,15.0,19.0,23.0,29.0,36.0,45.0,56.0,64.0,77.0,90.0,111.0,139.0,157.0,201.0,228.0,278.0,338.0,421.0,508.0,631.0,757.0,948.0,1137.0,1374.0,1600.0,1957.0,2394.0,2874.0,3475.0,4160.0,4990.0,6023.0,7255.0,8798.0,10681.0,12773.0,15102.0,17236.0,18953.0,20112.0,20843.0,21217.0,21316.0,21231.0,21035.0,20692.0,20215.0,19695.0,19124.0,18520.0,17975.0,17307.0,16615.0,15930.0,15241.0,14555.0,13883.0,13275.0,12675.0,12067.0,11428.0,10870.0,10313.0,9838.0,9363.0,8878.0,8387.0,7978.0,7601.0,7235.0,6869.0,6568.0,6268.0
0.0,0.0,0.0,0.0,4.0,4.0,4.0,4.0,4.0,4.0,7.0,8.0,13.0,17.0,20.0,19.0,27.0,35.0,43.0,57.0,69.0,81.0,97.0,119.0,146.0,191.0,231.0,279.0,336.0,402.0,496.0,572.0,686.0,796.0,937.0,1152.0,1355.0,1636.0,1964.0,2365.0,2836.0,3451.0,4153.0,4964.0,5977.0,7267.0,8737.0,10318.0,11819.0,13049.0,13880.0,14431.0,14792.0,14984.0,15002.0,14868.0,14668.0,14356.0,14006.0,13712.0,13349.0,12948.0,12498.0,12066.0,11549.0,11018.0,10568.0,10062.0,9605.0,9159.0,8685.0,8244.0,7869.0,7497.0,7143.0,6805.0,6474.0,6113.0,5807.0,5525.0,5250.0,5015.0,4790.0,4566.0
0.0,0.0,0.0,0.0,1.0,1.0,1.0,2.0,2.0,2.0,3.0,7.0,10.0,12.0,13.0,17.0,19.0,27.0,29.0,29.0,35.0,44.0,53.0,61.0,67.0,80.0,94.0,113.0,138.0,167.0,192.0,241.0,287.0,344.0,407.0,507.0,623.0,749.0,926.0,1137.0,1328.0,1640.0,1961.0,2324.0,2804.0,3390.0,4075.0,4911.0,5627.0,6187.0,6587.0,6870.0,6995.0,7060.0,7063.0,7049.0,7012.0,6892.0,6777.0,6620.0,6416.0,6231.0,6005.0,5788.0,5539.0,5290.0,5035.0,4801.0,4590.0,4365.0,4154.0,3929.0,3743.0,3579.0,3406.0,3244.0,3078.0,2915.0,2783.0,2644.0,2546.0,2427.0,2323.0,2224.0
0.0,0.0,1.0,2.0,3.0,6.0,8.0,11.0,13.0,19.0,28.0,38.0,43.0,49.0,52.0,66.0,79.0,104.0,115.0,144.0,170.0,207.0,241.0,301.0,366.0,438.0,530.0,646.0,773.0,914.0,1084.0,1303.0,1520.0,1846.0,2257.0,2713.0,3285.0,3938.0,4732.0,5680.0,6852.0,8236.0,9847.0,11799.0,14077.0,16745.0,20004.0,23484.0,26771.0,29285.0,31001.0,32075.0,32525.0,32855.0,32776.0,32460.0,31927.0,31233.0,30449.0,29537.0,28573.0,27525.0,26459.0,25367.0,24251.0,23174.0,22105.0,21030.0,20071.0,19100.0,18178.0,17248.0,16373.0,15549.0,14726.0,13956.0,13258.0,12590.0,11961.0,11352.0,10817.0,10297.0,9804.0,9317.0
0.0,0.0,0.0,0.0,1.0,3.0,4.0,7.0,9.0,8.0,11.0,14.0,14.0,15.0,20.0,25.0,30.0,38.0,45.0,56.0,64.0,78.0,88.0,109.0,135.0,162.0,184.0,229.0,282.0,342.0,425.0,502.0,622.0,758.0,922.0,1125.0,1344.0,1657.0,1984.0,2426.0,2912.0,3485.0,4158.0,5000.0,6021.0,7339.0,8816.0,10439.0,11836.0,12983.0,13800.0,14342.0,14661.0,14671.0,14706.0,14708.0,14506.0,14166.0,13840.0,13499.0,13075.0,12644.0,12241.0,11728.0,11252.0,10731.0,10281.0,9840.0,9397.0,8909.0,8501.0,8128.0,7684.0,7305.0,6948.0,6620.0,6255.0,5941.0,5636.0,5341.0,5091.0,4843.0,4618.0,4361.0
0.0,0.0,0.0,1.0,1.0,3.0,4.0,6.0,7.0,10.0,14.0,19.0,28.0,34.0,42.0,48.0,67.0,92.0,109.0,127.0,139.0,155.0,184.0,227.0,274.0,333.0,411.0,525.0,638.0,772.0,915.0,1094.0,1333.0,1618.0,1943.0,2360.0,2853.0,3502.0,4192.0,4978.0,6005.0,7237.0,8758.0,10487.0,12682.0,15127.0,18042.0,21327.0,24190.0,26497.0,28015.0,28896.0,29396.0,29526.0,29510.0,29254.0,28811.0,28184.0,27486.0,26704.0,25816.0,24902.0,23864.0,22981.0,22032.0,21146.0,20227.0,19284.0,18403.0,17594.0,16727.0,15883.0,15043.0,14363.0,13668.0,12950.0,12253.0,11634.0,11033.0,10466.0,9950.0,9418.0,8944.0,8490.0
0.0,0.0,1.0,1.0,2.0,3.0,6.0,7.0,9.0,13.0,16.0,17.0,24.0,29.0,32.0,40.0,49.0,60.0,70.0,88.0,116.0,144.0,181.0,222.0,273.0,345.0,428.0,530.0,650.0,808.0,979.0,1196.0,1452.0,1753.0,2146.0,2583.0,3157.0,3852.0,4650.0,5540.0,6657.0,7970.0,9550.0,11531.0,13894.0,16645.0,19980.0,23497.0,26498.0,28818.0,30499.0,31477.0,31955.0,32092.0,31999.0,31682.0,31216.0,30527.0,29773.0,28978.0,28038.0,27038.0,25996.0,24978.0,23976.0,22970.0,21862.0,20852.0,19859.0,18905.0,17938.0,17037.0,16199.0,15392.0,14667.0,13942.0,13188.0,12527.0,11891.0,11305.0,10749.0,10218.0,9716.0,9284.0
0.0,0.0,0.0,0.0,1.0,3.0,5.0,6.0,5.0,5.0,5.0,6.0,9.0,12.0,14.0,20.0,23.0,24.0,28.0,30.0,39.0,45.0,51.0,64.0,73.0,88.0,106.0,124.0,146.0,185.0,227.0,272.0,311.0,376.0,464.0,580.0,703.0,843.0,1009.0,1220.0,1503.0,1825.0,2208.0,2625.0,3218.0,3894.0,4723.0,5542.0,6319.0,6924.0,7364.0,7651.0,7846.0,7910.0,7912.0,7880.0,7770.0,7677.0,7534.0,7352.0,7128.0,6923.0,6708.0,6467.0,6189.0,5918.0,5659.0,5376.0,5140.0,4917.0,4702.0,4457.0,4231.0,4016.0,3799.0,3621.0,3443.0,3289.0,3116.0,2948.0,2808.0,2640.0,2488.0,2375.0
0.0,0.0,0.0,2.0,3.0,4.0,4.0,4.0,7.0,9.0,9.0,12.0,13.0,14.0,18.0,22.0,27.0,37.0,39.0,44.0,51.0,57.0,73.0,87.0,103.0,121.0,152.0,192.0,224.0,272.0,330.0,398.0,464.0,567.0,704.0,867.0,1046.0,1243.0,1503.0,1828.0,2242.0,2737.0,3328.0,3978.0,4811.0,5813.0,7027.0,8303.0,9526.0,10496.0,11204.0,11613.0,11836.0,11983.0,12059.0,11979.0,11920.0,11692.0,11435.0,11168.0,10896.0,10505.0,10174.0,9787.0,9431.0,9073.0,8645.0,8235.0,7841.0,7494.0,7123.0,6789.0,6477.0,6158.0,5845.0,5551.0,5281.0,5010.0,4755.0,4512.0,4295.0,4084.0,3892.0,3694.0
0.0,0.0,0.0,1.0,1.0,3.0,5.0,5.0,5.0,8.0,11.0,10.0,14.0,16.0,16.0,20.0,24.0,30.0,37.0,48.0,60.0,74.0,104.0,142.0,157.0,189.0,233.0,270.0,317.0,372.0,481.0,575.0,687.0,814.0,958.0,1160.0,1377.0,1640.0,2003.0,2401.0,2907.0,3548.0,4320.0,5162.0,6254.0,7514.0,9056.0,10779.0,12315.0,13483.0,14303.0,14796.0,15203.0,15325.0,15324.0,15276.0,15151.0,14860.0,14510.0,14109.0,13600.0,13156.0,12671.0,12188.0,11690.0,11122.0,10676.0,10229.0,9722.0,9227.0,8768.0,8334.0,7940.0,7549.0,7209.0,6834.0,6501.0,6172.0,5907.0,5630.0,5354.0,5105.0,4846.0,4611.0
0.0,0.0,0.0,0.0,2.0,4.0,6.0,7.0,10.0,11.0,11.0,15.0,19.0,22.0,24.0,30.0,38.0,45.0,59.0,81.0,105.0,128.0,164.0,193.0,240.0,309.0,382.0,438.0,508.0,614.0,744.0,892.0,1097.0,1310.0,1579.0,1894.0,2305.0,2848.0,3436.0,4136.0,5025.0,6115.0,7344.0,8769.0,10605.0,12664.0,15039.0,17727.0,20243.0,22092.0,23494.0,24390.0,24890.0,24936.0,24823.0,24586.0,24249.0,23683.0,23039.0,22364.0,21686.0,20946.0,20168.0,19374.0,18593.0,17760.0,16966.0,16164.0,15394.0,14639.0,13916.0,13190.0,12567.0,11946.0,11366.0,10804.0,10232.0,9683.0,9189.0,8769.0,8333.0,7907.0,7541.0,7170.0
0.0,0.0,0.0,0.0,2.0,2.0,3.0,4.0,4.0,4.0,7.0,9.0,11.0,13.0,22.0,22.0,28.0,32.0,37.0,43.0,63.0,70.0,90.0,115.0,148.0,190.0,232.0,288.0,365.0,447.0,517.0,632.0,753.0,903.0,1094.0,1348.0,1640.0,1988.0,2357.0,2836.0,3418.0,4073.0,4911.0,5905.0,7025.0,8355.0,10038.0,11856.0,13497.0,14807.0,15703.0,16312.0,16704.0,16843.0,16786.0,16577.0,16320.0,16044.0,15668.0,15205.0,14692.0,14137.0,13588.0,13060.0,12535.0,12017.0,11475.0,10972.0,10457.0,10002.0,9534.0,9076.0,8630.0,8242.0,7839.0,7428.0,7040.0,6710.0,6380.0,6089.0,5780.0,5505.0,5274.0,5019.0
0.0,0.0,0.0,1.0,2.0,3.0,2.0,3.0,3.0,5.0,6.0,6.0,12.0,15.0,23.0,27.0,30.0,38.0,47.0,64.0,75.0,84.0,102.0,118.0,145.0,183.0,204.0,260.0,322.0,381.0,450.0,547.0,668.0,826.0,952.0,1135.0,1343.0,1628.0,1965.0,2370.0,2836.0,3422.0,4112.0,4941.0,5940.0,7133.0,8691.0,10311.0,11840.0,12944.0,13676.0,14182.0,14485.0,14579.0,14506.0,14457.0,14244.0,13995.0,13668.0,13225.0,12851.0,12434.0,11983.0,11564.0,11068.0,10610.0,10120.0,9674.0,9283.0,8841.0,8398.0,7982.0,7577.0,7205.0,6875.0,6520.0,6167.0,5847.0,5590.0,5319.0,5040.0,4767.0,4548.0,4348.0
0.0,0.0,0.0,1.0,2.0,4.0,6.0,5.0,8.0,11.0,12.0,14.0,16.0,17.0,16.0,21.0,19.0,22.0,25.0,30.0,35.0,41.0,48.0,55.0,66.0,83.0,113.0,143.0,176.0,224.0,263.0,315.0,377.0,456.0,557.0,662.0,811.0,949.0,1154.0,1382.0,1698.0,2038.0,2442.0,2977.0,3563.0,4337.0,5292.0,6293.0,7193.0,7932.0,8435.0,8719.0,8851.0,8936.0,8947.0,8836.0,8756.0,8588.0,8405.0,8200.0,7944.0,7660.0,7349.0,7069.0,6781.0,6470.0,6178.0,5890.0,5619.0,5341.0,5073.0,4801.0,4539.0,4337.0,4108.0,3871.0,3702.0,3512.0,3320.0,3149.0,2995.0,2852.0,2697.0,2563.0
0.0,0.0,0.0,1.0,4.0,4.0,6.0,7.0,8.0,11.0,17.0,23.0,28.0,34.0,48.0,60.0,74.0,91.0,117.0,133.0,161.0,184.0,221.0,277.0,347.0,415.0,496.0,617.0,725.0,896.0,1067.0,1289.0,1547.0,1911.0,2330.0,2777.0,3353.0,4062.0,4913.0,5926.0,7144.0,8649.0,10507.0,12530.0,14960.0,17864.0,21343.0,24890.0,28136.0,30774.0,32462.0,33381.0,33993.0,34186.0,34054.0,33539.0,32884.0,32142.0,31237.0,30222.0,29133.0,28075.0,27002.0,25840.0,24633.0,23548.0,22446.0,21403.0,20358.0,19422.0,18472.0,17474.0,16634.0,15738.0,14899.0,14192.0,13488.0,12790.0,12111.0,11559.0,11005.0,10496.0,9980.0,9486.0
0.0,0.0,1.0,1.0,3.0,7.0,9.0,11.0,13.0,12.0,20.0,20.0,21.0,35.0,44.0,52.0,69.0,91.0,114.0,140.0,168.0,197.0,256.0,316.0,382.0,468.0,563.0,673.0,836.0,1023.0,1241.0,1511.0,1792.0,2194.0,2679.0,3207.0,3861.0,4668.0,5608.0,6832.0,8176.0,9819.0,11762.0,14105.0,16728.0,20016.0,23857.0,27916.0,31455.0,34227.0,36011.0,37145.0,37646.0,37768.0,37592.0,37056.0,36353.0,35623.0,34667.0,33508.0,32372.0,31214.0,30003.0,28696.0,27495.0,26250.0,25050.0,23819.0,22641.0,21526.0,20489.0,19477.0,18517.0,17546.0,16625.0,15802.0,14993.0,14272.0,13559.0,12872.0,12200.0,11588.0,10992.0,10475.0
0.0,0.0,0.0,0.0,2.0,2.0,2.0,2.0,2.0,6.0,9.0,11.0,12.0,20.0,25.0,33.0,45.0,52.0,65.0,76.0,97.0,134.0,160.0,183.0,228.0,290.0,356.0,448.0,533.0,637.0,748.0,909.0,1087.0,1353.0,1644.0,1909.0,2298.0,2770.0,3374.0,4035.0,4898.0,5834.0,6997.0,8422.0,10146.0,12198.0,14458.0,17135.0,19497.0,21435.0,22635.0,23588.0,23960.0,24030.0,23987.0,23770.0,23428.0,22900.0,22315.0,21720.0,21054.0,20328.0,19637.0,18935.0,18157.0,17394.0,16596.0,15849.0,15131.0,14375.0,13630.0,12928.0,12284.0,11670.0,11108.0,10558.0,10025.0,9498.0,9011.0,8551.0,8099.0,7702.0,7328.0,6963.0
0.0,0.0,0.0,0.0,1.0,2.0,5.0,6.0,7.0,8.0,9.0,11.0,14.0,15.0,16.0,20.0,25.0,30.0,40.0,48.0,55.0,64.0,69.0,78.0,100.0,123.0,143.0,163.0,191.0,232.0,284.0,331.0,388.0,468.0,552.0,661.0,802.0,971.0,1182.0,1428.0,1701.0,2127.0,2563.0,3043.0,3662.0,4463.0,5433.0,6476.0,7392.0,8133.0,8570.0,8872.0,9042.0,9221.0,9200.0,9176.0,9091.0,8960.0,8721.0,8517.0,8260.0,8016.0,7747.0,7457.0,7187.0,6862.0,6526.0,6260.0,5997.0,5706.0,5444.0,5212.0,4948.0,4718.0,4477.0,4260.0,4019.0,3795.0,3629.0,3429.0,3271.0,3101.0,2958.0,2813.0
0.0,0.0,0.0,1.0,2.0,0.0,1.0,2.0,4.0,8.0,9.0,14.0,14.0,12.0,17.0,25.0,35.0,47.0,64.0,76.0,85.0,105.0,126.0,153.0,204.0,241.0,278.0,351.0,418.0,512.0,632.0,751.0,928.0,1162.0,1421.0,1718.0,2040.0,2473.0,2957.0,3609.0,4429.0,5372.0,6447.0,7736.0,9278.0,11168.0,13406.0,15739.0,17943.0,19606.0,20880.0,21719.0,22154.0,22285.0,22227.0,22055.0,21660.0,21215.0,20727.0,20122.0,19452.0,18776.0,18048.0,17330.0,16636.0,15916.0,15200.0,14466.0,13818.0,13105.0,12470.0,11838.0,11268.0,10732.0,10174.0,9658.0,9179.0,8733.0,8303.0,7842.0,7433.0,7042.0,6721.0,6376.0
0.0,0.0,0.0,1.0,1.0,2.0,2.0,6.0,9.0,15.0,18.0,23.0,31.0,41.0,61.0,74.0,86.0,97.0,113.0,137.0,168.0,207.0,253.0,310.0,370.0,466.0,594.0,729.0,871.0,1057.0,1262.0,1556.0,1852.0,2277.0,2708.0,3249.0,3886.0,4724.0,5667.0,6798.0,8154.0,9833.0,11823.0,14150.0,16812.0,20143.0,23885.0,27946.0,31680.0,34571.0,36641.0,37801.0,38331.0,38429.0,38143.0,37689.0,37005.0,36041.0,35092.0,33931.0,32763.0,31650.0,30371.0,29115.0,27877.0,26568.0,25290.0,24132.0,22911.0,21729.0,20601.0,19517.0,18534.0,17593.0,16714.0,15802.0,15035.0,14241.0,13512.0,12788.0,12124.0,11514.0,10971.0,10427.0
0.0,0.0,0.0,0.0,3.0,3.0,9.0,8.0,9.0,15.0,19.0,27.0,38.0,46.0,56.0,63.0,74.0,86.0,102.0,121.0,147.0,174.0,214.0,269.0,315.0,380.0,449.0,521.0,642.0,793.0,949.0,1159.0,1382.0,1668.0,2034.0,2463.0,2988.0,3573.0,4331.0,5193.0,6278.0,7615.0,9133.0,10859.0,12942.0,15473.0,18519.0,21702.0,24633.0,26894.0,28394.0,29389.0,29887.0,30030.0,29962.0,29659.0,29117.0,28469.0,27800.0,26930.0,26007.0,25033.0,24076.0,23117.0,22094.0,21090.0,20129.0,19234.0,18271.0,17430.0,16586.0,15766.0,14985.0,14263.0,13512.0,12844.0,12183.0,11598.0,11023.0,10475.0,9957.0,9471.0,9022.0,8569.0
0.0,0.0,1.0,3.0,3.0,4.0,5.0,6.0,8.0,10.0,11.0,11.0,17.0,26.0,35.0,40.0,45.0,54.0,72.0,84.0,105.0,143.0,179.0,211.0,256.0,333.0,416.0,516.0,629.0,784.0,917.0,1103.0,1278.0,1574.0,1908.0,2326.0,2778.0,3270.0,3977.0,4751.0,5685.0,6803.0,8213.0,9834.0,11882.0,14171.0,16795.0,19685.0,22448.0,24452.0,25895.0,26911.0,27381.0,27550.0,27406.0,27136.0,26695.0,26123.0,25480.0,24782.0,23965.0,23030.0,22073.0,21214.0,20341.0,19468.0,18561.0,17707.0,16897.0,16052.0,15259.0,14547.0,13793.0,13099.0,12425.0,11827.0,11255.0,10698.0,10201.0,9647.0,9204.0,8729.0,8308.0,7919.0
0.0,0.0,0.0,2.0,4.0,5.0,4.0,6.0,7.0,8.0,10.0,12.0,15.0,17.0,26.0,34.0,39.0,42.0,51.0,56.0,71.0,75.0,87.0,100.0,112.0,142.0,182.0,211.0,246.0,301.0,366.0,459.0,564.0,689.0,849.0,1024.0,1256.0,1518.0,1845.0,2253.0,2756.0,3287.0,3977.0,4795.0,5799.0,6958.0,8299.0,9782.0,11164.0,12319.0,13189.0,13726.0,14005.0,14110.0,14097.0,14022.0,13903.0,13613.0,13294.0,12972.0,12546.0,12174.0,11687.0,11212.0,10744.0,10288.0,9805.0,9339.0,8950.0,8515.0,8070.0,7716.0,7327.0,6966.0,6617.0,6273.0,5968.0,5685.0,5380.0,5095.0,4848.0,4621.0,4402.0,4211.0
0.0,0.0,0.0,1.0,2.0,5.0,6.0,6.0,8.0,13.0,14.0,16.0,22.0,27.0,36.0,41.0,44.0,54.0,70.0,79.0,97.0,121.0,146.0,167.0,189.0,235.0,267.0,317.0,381.0,469.0,562.0,680.0,800.0,921.0,1117.0,1351.0,1640.0,1975.0,2362.0,2822.0,3445.0,4183.0,5017.0,5989.0,7213.0,8691.0,10417.0,12379.0,14148.0,15512.0,16564.0,17150.0,17560.0,17743.0,17802.0,17671.0,17378.0,17101.0,16694.0,16183.0,15693.0,15116.0,14579.0,13999.0,13412.0,12791.0,12223.0,11707.0,11143.0,10634.0,10169.0,9699.0,9228.0,8783.0,8386.0,7940.0,7533.0,7184.0,6778.0,6493.0,6170.0,5847.0,5543.0,5292.0
0.0,0.0,1.0,1.0,2.0,4.0,7.0,7.0,13.0,12.0,13.0,14.0,18.0,20.0,28.0,40.0,50.0,58.0,67.0,77.0,100.0,119.0,161.0,195.0,244.0,321.0,401.0,492.0,594.0,726.0,889.0,1063.0,1292.0,1565.0,1903.0,2265.0,2683.0,3225.0,3947.0,4754.0,5741.0,6883.0,8297.0,9906.0,11863.0,14225.0,17021.0,19895.0,22576.0,24694.0,26120.0,26966.0,27382.0,27542.0,27511.0,27214.0,26803.0,26218.0,25593.0,24847.0,24033.0,23285.0,22337.0,21402.0,20540.0,19649.0,18719.0,17881.0,17092.0,16276.0,15466.0,14685.0,13988.0,13317.0,12642.0,11985.0,11356.0,10766.0,10291.0,9723.0,9285.0,8823.0,8397.0,7993.0
0.0,0.0,0.0,0.0,1.0,3.0,5.0,5.0,6.0,6.0,10.0,12.0,13.0,18.0,23.0,26.0,30.0,35.0,43.0,53.0,64.0,77.0,96.0,117.0,136.0,163.0,207.0,237.0,280.0,347.0,423.0,516.0,606.0,730.0,891.0,1054.0,1258.0,1523.0,1852.0,2222.0,2666.0,3171.0,3794.0,4553.0,5468.0,6553.0,7960.0,9342.0,10612.0,11637.0,12406.0,12857.0,13130.0,13265.0,13215.0,13171.0,13050.0,12828.0,12502.0,12186.0,11785.0,11463.0,11060.0,10653.0,10193.0,9754.0,9335.0,8903.0,8513.0,8114.0,7729.0,7391.0,7034.0,6709.0,6347.0,6027.0,5742.0,5454.0,5184.0,4902.0,4638.0,4389.0,4208.0,4014.0
0.0,0.0,0.0,1.0,1.0,1.0,4.0,5.0,8.0,11.0,13.0,11.0,16.0,22.0,22.0,23.0,29.0,38.0,53.0,61.0,73.0,82.0,93.0,111.0,139.0,167.0,213.0,266.0,321.0,382.0,467.0,551.0,660.0,845.0,1017.0,1189.0,1456.0,1792.0,2179.0,2620.0,3144.0,3749.0,4471.0,5393.0,6512.0,7826.0,9404.0,11096.0,12743.0,13991.0,14953.0,15497.0,15825.0,15983.0,15987.0,15877.0,15690.0,15406.0,15072.0,14667.0,14157.0,13669.0,13195.0,12693.0,12158.0,11653.0,11164.0,10681.0,10212.0,9702.0,9212.0,8822.0,8358.0,7948.0,7570.0,7220.0,6866.0,6506.0,6197.0,5887.0,5600.0,5333.0,5061.0,4790.0
0.0,0.0,0.0,1.0,4.0,5.0,6.0,8.0,12.0,13.0,15.0,19.0,24.0,30.0,34.0,42.0,61.0,73.0,91.0,110.0,140.0,171.0,208.0,256.0,301.0,368.0,430.0,519.0,636.0,765.0,908.0,1088.0,1283.0,1564.0,1940.0,2343.0,2837.0,3398.0,4128.0,5006.0,6042.0,7281.0,8731.0,10441.0,12534.0,14952.0,17738.0,20756.0,23599.0,25889.0,27448.0,28237.0,28775.0,28889.0,28845.0,28564.0,28172.0,27537.0,26842.0,26030.0,25132.0,24267.0,23333.0,22423.0,21454.0,20561.0,19558.0,18640.0,17769.0,16927.0,16087.0,15196.0,14435.0,13702.0,12987.0,12313.0,11685.0,11136.0,10593.0,10077.0,9582.0,9094.0,8642.0,8191.0
0.0,0.0,0.0,0.0,0.0,2.0,4.0,6.0,12.0,14.0,16.0,17.0,21.0,26.0,32.0,37.0,44.0,52.0,62.0,77.0,95.0,118.0,158.0,176.0,220.0,259.0,344.0,420.0,524.0,647.0,819.0,973.0,1185.0,1487.0,1773.0,2143.0,2588.0,3159.0,3795.0,4591.0,5526.0,6572.0,8013.0,9581.0,11509.0,13864.0,16604.0,19635.0,22327.0,24493.0,25970.0,26844.0,27275.0,27360.0,27219.0,26925.0,26492.0,25989.0,25371.0,24621.0,23777.0,22974.0,22066.0,21168.0,20316.0,19382.0,18518.0,17640.0,16839.0,16051.0,15267.0,14527.0,13798.0,13126.0,12495.0,11871.0,11282.0,10783.0,10224.0,9727.0,9239.0,8771.0,8313.0,7924.0
0.0,0.0,0.0,3.0,2.0,2.0,5.0,6.0,7.0,10.0,9.0,11.0,15.0,17.0,20.0,26.0,31.0,42.0,48.0,53.0,65.0,74.0,91.0,113.0,144.0,190.0,235.0,284.0,340.0,415.0,490.0,578.0,694.0,822.0,1020.0,1202.0,1448.0,1777.0,2113.0,2579.0,3060.0,3678.0,4421.0,5375.0,6397.0,7657.0,9165.0,10862.0,12457.0,13596.0,14407.0,14864.0,15291.0,15451.0,15403.0,15264.0,15114.0,14756.0,14357.0,13901.0,13426.0,13058.0,12591.0,12097.0,11590.0,11061.0,10550.0,10066.0,9552.0,9110.0,8723.0,8321.0,7942.0,7570.0,7188.0,6815.0,6434.0,6101.0,5802.0,5527.0,5267.0,4992.0,4712.0,4520.0
0.0,0.0,0.0,1.0,4.0,6.0,7.0,11.0,16.0,28.0,37.0,54.0,67.0,76.0,80.0,104.0,123.0,165.0,205.0,253.0,315.0,388.0,470.0,585.0,721.0,857.0,1016.0,1244.0,1476.0,1738.0,2094.0,2521.0,3071.0,3648.0,4360.0,5241.0,6297.0,7613.0,9145.0,10908.0,13054.0,15551.0,18514.0,22046.0,26142.0,30695.0,36059.0,41640.0,46667.0,50480.0,52858.0,54186.0,54669.0,54570.0,54010.0,53076.0,51868.0,50440.0,48972.0,47377.0,45721.0,43956.0,42076.0,40246.0,38433.0,36626.0,34838.0,33083.0,31505.0,29920.0,28416.0,26930.0,25527.0,24211.0,22958.0,21793.0,20667.0,19578.0,18537.0,17499.0,16582.0,15762.0,15018.0,14299.0
0.0,0.0,0.0,0.0,0.0,3.0,4.0,5.0,5.0,6.0,7.0,7.0,9.0,15.0,20.0,25.0,29.0,34.0,44.0,51.0,56.0,64.0,70.0,86.0,109.0,126.0,157.0,192.0,227.0,261.0,307.0,366.0,462.0,553.0,681.0,799.0,948.0,1150.0,1387.0,1628.0,1941.0,2372.0,2878.0,3476.0,4154.0,5065.0,6111.0,7261.0,8345.0,9169.0,9823.0,10156.0,10414.0,10515.0,10565.0,10495.0,10353.0,10155.0,9898.0,9598.0,9339.0,9041.0,8666.0,8339.0,7968.0,7642.0,7311.0,6973.0,6703.0,6408.0,6087.0,5802.0,5492.0,5219.0,4970.0,4737.0,4526.0,4308.0,4063.0,3851.0,3677.0,3495.0,3315.0,3163.0
0.0,0.0,1.0,2.0,1.0,3.0,5.0,9.0,9.0,9.0,8.0,12.0,15.0,13.0,18.0,19.0,30.0,35.0,55.0,68.0,85.0,108.0,125.0,153.0,198.0,255.0,318.0,375.0,475.0,590.0,702.0,858.0,1000.0,1204.0,1454.0,1784.0,2208.0,2702.0,3318.0,3994.0,4816.0,5818.0,7027.0,8448.0,10072.0,12112.0,14597.0,17232.0,19594.0,21475.0,22751.0,23490.0,23905.0,24100.0,24048.0,23825.0,23458.0,23004.0,22438.0,21813.0,21104.0,20455.0,19653.0,18863.0,17978.0,17217.0,16433.0,15581.0,14837.0,14110.0,13412.0,12731.0,12120.0,11568.0,10986.0,10437.0,9901.0,9398.0,8932.0,8508.0,8101.0,7726.0,7345.0,6995.0
0.0,0.0,0.0,0.0,0.0,2.0,3.0,5.0,6.0,11.0,13.0,18.0,22.0,25.0,30.0,31.0,39.0,53.0,62.0,78.0,91.0,115.0,135.0,171.0,205.0,241.0,300.0,358.0,425.0,527.0,634.0,764.0,907.0,1096.0,1353.0,1593.0,1907.0,2302.0,2739.0,3301.0,4002.0,4779.0,5756.0,6908.0,8301.0,10005.0,12036.0,14164.0,16129.0,17757.0,18909.0,19594.0,20025.0,20168.0,20008.0,19866.0,19558.0,19251.0,18753.0,18263.0,17774.0,17126.0,16477.0,15835.0,15161.0,14543.0,13846.0,13224.0,12628.0,12028.0,11456.0,10893.0,10356.0,9850.0,9389.0,8972.0,8529.0,8153.0,7704.0,7354.0,6984.0,6641.0,6333.0,6015.0
