499995.0,499995.0,499995.0,499995.0,499995.0,499995.0,499995.0,499993.0,499992.0,499992.0,499991.0,499990.0,499988.0,499986.0,499986.0,499985.0,499982.0,499981.0,499980.0,499979.0,499979.0,499977.0,499975.0,499972.0,499970.0,499966.0,499958.0,499950.0,499940.0,499935.0,499925.0,499909.0,499891.0,499876.0,499860.0,499841.0,499816.0,499794.0,499761.0,499715.0,499666.0,499619.0,499559.0,499500.0,499424.0,499331.0,499236.0,499137.0,499023.0,498868.0,498701.0,498507.0,498304.0,498034.0,497752.0,497404.0,497016.0,496566.0,496072.0,495485.0,494886.0,494221.0,493434.0,492580.0,491610.0,490517.0,490148.0,489772.0,489397.0,489045.0,488693.0,488403.0,488113.0,487858.0,487651.0,487443.0,487249.0,487079.0,486933.0,486825.0,486740.0,486647.0,486568.0,486490.0,486435.0,486377.0,486324.0,486277.0,486229.0,486191.0,486149.0,486121.0,486104.0,486076.0,486052.0,486034.0,486018.0,486005.0,485993.0,485987.0
499995.0,499995.0,499994.0,499992.0,499991.0,499991.0,499988.0,499985.0,499983.0,499978.0,499965.0,499958.0,499950.0,499945.0,499939.0,499927.0,499919.0,499908.0,499895.0,499872.0,499854.0,499840.0,499811.0,499785.0,499755.0,499714.0,499675.0,499625.0,499574.0,499519.0,499464.0,499382.0,499303.0,499213.0,499111.0,498983.0,498855.0,498717.0,498551.0,498340.0,498117.0,497877.0,497583.0,497240.0,496852.0,496421.0,495937.0,495390.0,494789.0,494119.0,493324.0,492531.0,491538.0,490428.0,489212.0,487841.0,486299.0,484583.0,482763.0,480689.0,478354.0,475929.0,473083.0,469961.0,466560.0,462786.0,461405.0,460033.0,458764.0,457634.0,456601.0,455639.0,454750.0,453998.0,453325.0,452771.0,452248.0,451762.0,451368.0,451010.0,450718.0,450436.0,450207.0,450007.0,449830.0,449687.0,449562.0,449432.0,449320.0,449228.0,449145.0,449074.0,449017.0,448955.0,448895.0,448857.0,448811.0,448777.0,448746.0,448727.0
499995.0,499994.0,499994.0,499993.0,499991.0,499991.0,499989.0,499988.0,499986.0,499981.0,499981.0,499979.0,499974.0,499971.0,499963.0,499958.0,499951.0,499944.0,499938.0,499931.0,499923.0,499906.0,499893.0,499878.0,499856.0,499840.0,499821.0,499799.0,499776.0,499746.0,499720.0,499698.0,499656.0,499610.0,499570.0,499525.0,499474.0,499402.0,499339.0,499278.0,499194.0,499093.0,498977.0,498856.0,498695.0,498545.0,498344.0,498132.0,497869.0,497601.0,497289.0,496950.0,496553.0,496129.0,495614.0,495066.0,494461.0,493732.0,492938.0,492035.0,491046.0,489926.0,488679.0,487237.0,485674.0,483931.0,483282.0,482623.0,482018.0,481480.0,480984.0,480519.0,480095.0,479721.0,479397.0,479108.0,478890.0,478650.0,478454.0,478290.0,478153.0,478012.0,477877.0,477781.0,477693.0,477606.0,477548.0,477483.0,477422.0,477377.0,477342.0,477306.0,477269.0,477239.0,477211.0,477187.0,477172.0,477143.0,477125.0,477112.0
499995.0,499995.0,499994.0,499992.0,499989.0,499988.0,499984.0,499981.0,499976.0,499971.0,499969.0,499962.0,499957.0,499949.0,499942.0,499935.0,499923.0,499909.0,499891.0,499876.0,499858.0,499835.0,499805.0,499770.0,499736.0,499688.0,499633.0,499577.0,499510.0,499437.0,499342.0,499247.0,499119.0,498996.0,498861.0,498708.0,498532.0,498349.0,498109.0,497890.0,497622.0,497286.0,496934.0,496534.0,496097.0,495612.0,495049.0,494407.0,493674.0,492884.0,491997.0,490974.0,489786.0,488510.0,487109.0,485487.0,483647.0,481687.0,479643.0,477235.0,474513.0,471583.0,468292.0,464837.0,461063.0,456741.0,455189.0,453691.0,452345.0,451018.0,449773.0,448706.0,447770.0,446962.0,446174.0,445553.0,445007.0,444507.0,444066.0,443651.0,443292.0,443002.0,442761.0,442537.0,442361.0,442178.0,442039.0,441890.0,441784.0,441691.0,441595.0,441527.0,441463.0,441409.0,441366.0,441308.0,441262.0,441226.0,441195.0,441171.0
499995.0,499995.0,499993.0,499992.0,499991.0,499990.0,499988.0,499987.0,499986.0,499984.0,499984.0,499983.0,499980.0,499980.0,499978.0,499977.0,499976.0,499975.0,499973.0,499970.0,499968.0,499966.0,499960.0,499955.0,499951.0,499948.0,499946.0,499939.0,499937.0,499932.0,499923.0,499913.0,499901.0,499884.0,499866.0,499848.0,499830.0,499809.0,499779.0,499752.0,499721.0,499671.0,499613.0,499565.0,499488.0,499423.0,499356.0,499274.0,499168.0,499062.0,498938.0,498804.0,498643.0,498437.0,498209.0,497958.0,497674.0,497385.0,497046.0,496646.0,496161.0,495643.0,495031.0,494360.0,493644.0,492867.0,492527.0,492220.0,491969.0,491704.0,491423.0,491181.0,490995.0,490821.0,490655.0,490494.0,490369.0,490256.0,490158.0,490071.0,489987.0,489925.0,489863.0,489810.0,489757.0,489715.0,489677.0,489650.0,489616.0,489580.0,489551.0,489528.0,489502.0,489490.0,489472.0,489460.0,489450.0,489437.0,489430.0,489423.0
499995.0,499995.0,499994.0,499993.0,499990.0,499986.0,499982.0,499977.0,499973.0,499969.0,499962.0,499951.0,499944.0,499935.0,499925.0,499913.0,499901.0,499884.0,499864.0,499837.0,499809.0,499787.0,499762.0,499736.0,499696.0,499647.0,499607.0,499566.0,499512.0,499447.0,499382.0,499299.0,499205.0,499105.0,499003.0,498892.0,498757.0,498605.0,498448.0,498289.0,498079.0,497832.0,497557.0,497236.0,496901.0,496504.0,496074.0,495579.0,494998.0,494388.0,493717.0,492966.0,492099.0,491086.0,489950.0,488730.0,487290.0,485734.0,483959.0,482050.0,479893.0,477519.0,474775.0,471810.0,468692.0,465189.0,463912.0,462612.0,461450.0,460329.0,459394.0,458484.0,457676.0,456991.0,456339.0,455764.0,455283.0,454872.0,454530.0,454245.0,453962.0,453734.0,453509.0,453304.0,453135.0,452993.0,452852.0,452743.0,452638.0,452537.0,452455.0,452383.0,452336.0,452280.0,452243.0,452204.0,452168.0,452142.0,452108.0,452085.0
499995.0,499995.0,499993.0,499993.0,499992.0,499991.0,499989.0,499986.0,499981.0,499975.0,499971.0,499967.0,499962.0,499954.0,499947.0,499938.0,499926.0,499916.0,499905.0,499892.0,499874.0,499849.0,499825.0,499808.0,499782.0,499752.0,499717.0,499658.0,499610.0,499548.0,499486.0,499420.0,499348.0,499248.0,499137.0,499029.0,498903.0,498746.0,498576.0,498370.0,498140.0,497881.0,497610.0,497298.0,496969.0,496575.0,496124.0,495624.0,495086.0,494452.0,493722.0,492925.0,492031.0,491024.0,489946.0,488683.0,487320.0,485725.0,483984.0,482064.0,479905.0,477437.0,474800.0,471940.0,468800.0,465343.0,464043.0,462844.0,461673.0,460579.0,459594.0,458638.0,457799.0,457113.0,456510.0,455966.0,455445.0,455033.0,454638.0,454332.0,454036.0,453772.0,453565.0,453351.0,453185.0,453040.0,452913.0,452793.0,452702.0,452601.0,452514.0,452433.0,452377.0,452326.0,452274.0,452237.0,452204.0,452166.0,452139.0,452120.0
499995.0,499994.0,499994.0,499994.0,499993.0,499991.0,499991.0,499987.0,499986.0,499986.0,499983.0,499981.0,499978.0,499968.0,499961.0,499958.0,499955.0,499948.0,499940.0,499935.0,499928.0,499916.0,499909.0,499898.0,499875.0,499853.0,499823.0,499793.0,499763.0,499729.0,499694.0,499641.0,499595.0,499544.0,499494.0,499429.0,499350.0,499241.0,499139.0,499009.0,498852.0,498684.0,498530.0,498344.0,498123.0,497849.0,497540.0,497195.0,496790.0,496345.0,495808.0,495274.0,494623.0,493872.0,493052.0,492169.0,491112.0,490009.0,488735.0,487312.0,485625.0,483820.0,481837.0,479578.0,477006.0,474310.0,473297.0,472293.0,471379.0,470518.0,469711.0,468978.0,468358.0,467783.0,467288.0,466837.0,466494.0,466154.0,465856.0,465600.0,465338.0,465137.0,464962.0,464805.0,464664.0,464532.0,464419.0,464325.0,464236.0,464162.0,464099.0,464044.0,463991.0,463946.0,463901.0,463872.0,463836.0,463811.0,463785.0,463759.0
499995.0,499995.0,499994.0,499993.0,499993.0,499991.0,499990.0,499986.0,499985.0,499984.0,499983.0,499982.0,499981.0,499980.0,499977.0,499977.0,499976.0,499975.0,499972.0,499967.0,499964.0,499963.0,499958.0,499956.0,499952.0,499947.0,499941.0,499933.0,499920.0,499904.0,499887.0,499867.0,499853.0,499827.0,499805.0,499780.0,499750.0,499719.0,499682.0,499636.0,499578.0,499528.0,499475.0,499412.0,499344.0,499270.0,499168.0,499062.0,498940.0,498808.0,498644.0,498472.0,498285.0,498055.0,497824.0,497564.0,497287.0,496927.0,496566.0,496128.0,495657.0,495097.0,494490.0,493798.0,493011.0,492186.0,491877.0,491574.0,491277.0,490994.0,490739.0,490490.0,490263.0,490114.0,489929.0,489790.0,489654.0,489520.0,489394.0,489304.0,489242.0,489162.0,489100.0,489038.0,488993.0,488957.0,488907.0,488880.0,488854.0,488818.0,488782.0,488753.0,488737.0,488714.0,488698.0,488685.0,488674.0,488651.0,488632.0,488623.0
499995.0,499994.0,499994.0,499993.0,499991.0,499991.0,499990.0,499990.0,499988.0,499988.0,499988.0,499986.0,499986.0,499985.0,499982.0,499981.0,499979.0,499975.0,499971.0,499969.0,499963.0,499955.0,499950.0,499944.0,499937.0,499928.0,499917.0,499901.0,499887.0,499863.0,499849.0,499833.0,499804.0,499775.0,499749.0,499712.0,499665.0,499608.0,499553.0,499481.0,499399.0,499339.0,499235.0,499129.0,499008.0,498871.0,498732.0,498562.0,498385.0,498158.0,497941.0,497670.0,497354.0,497020.0,496647.0,496264.0,495779.0,495255.0,494652.0,493970.0,493161.0,492308.0,491339.0,490221.0,489011.0,487549.0,487070.0,486597.0,486107.0,485622.0,485200.0,484801.0,484474.0,484152.0,483905.0,483671.0,483459.0,483277.0,483108.0,482958.0,482836.0,482706.0,482621.0,482541.0,482460.0,482406.0,482343.0,482291.0,482238.0,482199.0,482161.0,482127.0,482098.0,482079.0,482052.0,482035.0,482017.0,481995.0,481983.0,481971.0
499995.0,499993.0,499992.0,499991.0,499989.0,499987.0,499985.0,499984.0,499982.0,499980.0,499977.0,499976.0,499973.0,499968.0,499960.0,499953.0,499949.0,499945.0,499938.0,499932.0,499925.0,499916.0,499901.0,499885.0,499869.0,499852.0,499829.0,499803.0,499775.0,499738.0,499699.0,499655.0,499598.0,499541.0,499476.0,499407.0,499328.0,499245.0,499146.0,499023.0,498894.0,498738.0,498581.0,498388.0,498168.0,497916.0,497653.0,497351.0,497000.0,496589.0,496154.0,495613.0,495001.0,494364.0,493664.0,492785.0,491841.0,490785.0,489626.0,488307.0,486891.0,485251.0,483428.0,481393.0,479111.0,476559.0,475689.0,474750.0,473901.0,473119.0,472402.0,471749.0,471163.0,470609.0,470120.0,469669.0,469298.0,468992.0,468720.0,468476.0,468258.0,468070.0,467836.0,467685.0,467539.0,467413.0,467326.0,467248.0,467175.0,467109.0,467052.0,467007.0,466951.0,466899.0,466857.0,466818.0,466782.0,466763.0,466746.0,466727.0
499995.0,499994.0,499993.0,499993.0,499991.0,499991.0,499989.0,499987.0,499985.0,499984.0,499982.0,499981.0,499978.0,499975.0,499974.0,499972.0,499970.0,499965.0,499960.0,499958.0,499953.0,499952.0,499949.0,499948.0,499945.0,499937.0,499927.0,499919.0,499913.0,499904.0,499895.0,499883.0,499872.0,499858.0,499845.0,499826.0,499811.0,499785.0,499760.0,499736.0,499700.0,499671.0,499631.0,499593.0,499547.0,499501.0,499452.0,499390.0,499310.0,499215.0,499131.0,499025.0,498909.0,498770.0,498589.0,498384.0,498160.0,497918.0,497641.0,497375.0,497050.0,496670.0,496240.0,495794.0,495288.0,494676.0,494458.0,494205.0,493981.0,493771.0,493575.0,493422.0,493273.0,493143.0,493023.0,492901.0,492798.0,492713.0,492638.0,492577.0,492522.0,492463.0,492413.0,492379.0,492338.0,492294.0,492263.0,492229.0,492203.0,492180.0,492168.0,492153.0,492144.0,492124.0,492107.0,492095.0,492079.0,492069.0,492061.0,492055.0
499995.0,499994.0,499994.0,499992.0,499992.0,499992.0,499992.0,499992.0,499992.0,499991.0,499991.0,499991.0,499991.0,499991.0,499991.0,499991.0,499991.0,499991.0,499991.0,499991.0,499991.0,499991.0,499991.0,499991.0,499991.0,499991.0,499991.0,499991.0,499991.0,499991.0,499991.0,499991.0,499991.0,499991.0,499991.0,499991.0,499991.0,499991.0,499991.0,499991.0,499991.0,499991.0,499991.0,499991.0,499991.0,499991.0,499991.0,499991.0,499991.0,499991.0,499991.0,499991.0,499991.0,499991.0,499991.0,499991.0,499991.0,499991.0,499991.0,499991.0,499991.0,499991.0,499991.0,499991.0,499991.0,499991.0,499991.0,499991.0,499991.0,499991.0,499991.0,499991.0,499991.0,499991.0,499991.0,499991.0,499991.0,499991.0,499991.0,499991.0,499991.0,499991.0,499991.0,499991.0,499991.0,499991.0,499991.0,499991.0,499991.0,499991.0,499991.0,499991.0,499991.0,499991.0,499991.0,499991.0,499991.0,499991.0,499991.0,499991.0
499995.0,499995.0,499995.0,499995.0,499995.0,499995.0,499995.0,499995.0,499995.0,499995.0,499995.0,499995.0,499995.0,499995.0,499995.0,499995.0,499995.0,499995.0,499995.0,499995.0,499995.0,499995.0,499995.0,499995.0,499995.0,499995.0,499995.0,499995.0,499995.0,499995.0,499995.0,499995.0,499995.0,499995.0,499995.0,499995.0,499995.0,499995.0,499995.0,499995.0,499995.0,499995.0,499995.0,499995.0,499995.0,499995.0,499995.0,499995.0,499995.0,499995.0,499995.0,499995.0,499995.0,499995.0,499995.0,499995.0,499995.0,499995.0,499995.0,499995.0,499995.0,499995.0,499995.0,499995.0,499995.0,499995.0,499995.0,499995.0,499995.0,499995.0,499995.0,499995.0,499995.0,499995.0,499995.0,499995.0,499995.0,499995.0,499995.0,499995.0,499995.0,499995.0,499995.0,499995.0,499995.0,499995.0,499995.0,499995.0,499995.0,499995.0,499995.0,499995.0,499995.0,499995.0,499995.0,499995.0,499995.0,499995.0,499995.0,499995.0
499995.0,499995.0,499994.0,499994.0,499991.0,499985.0,499985.0,499984.0,499982.0,499978.0,499975.0,499968.0,499961.0,499958.0,499949.0,499944.0,499937.0,499928.0,499916.0,499905.0,499893.0,499874.0,499857.0,499835.0,499810.0,499781.0,499755.0,499719.0,499685.0,499640.0,499594.0,499544.0,499475.0,499406.0,499317.0,499233.0,499118.0,498991.0,498848.0,498701.0,498539.0,498362.0,498114.0,497861.0,497558.0,497233.0,496884.0,496471.0,496040.0,495515.0,494941.0,494299.0,493536.0,492716.0,491783.0,490704.0,489537.0,488240.0,486768.0,485241.0,483474.0,481516.0,479249.0,476830.0,474176.0,471163.0,470107.0,469101.0,468117.0,467190.0,466373.0,465601.0,464874.0,464262.0,463733.0,463217.0,462789.0,462428.0,462089.0,461791.0,461541.0,461316.0,461105.0,460928.0,460768.0,460621.0,460508.0,460403.0,460324.0,460230.0,460155.0,460100.0,460040.0,460003.0,459959.0,459925.0,459885.0,459861.0,459827.0,459798.0
499995.0,499991.0,499991.0,499989.0,499987.0,499984.0,499983.0,499982.0,499981.0,499979.0,499975.0,499972.0,499969.0,499967.0,499961.0,499956.0,499951.0,499934.0,499927.0,499920.0,499912.0,499901.0,499885.0,499871.0,499849.0,499826.0,499808.0,499793.0,499764.0,499731.0,499691.0,499652.0,499610.0,499554.0,499494.0,499431.0,499352.0,499265.0,499171.0,499063.0,498946.0,498822.0,498673.0,498492.0,498284.0,498048.0,497782.0,497486.0,497130.0,496735.0,496281.0,495772.0,495221.0,494599.0,493947.0,493129.0,492201.0,491171.0,490025.0,488722.0,487300.0,485703.0,483933.0,481928.0,479724.0,477268.0,476353.0,475447.0,474590.0,473791.0,473029.0,472380.0,471791.0,471287.0,470824.0,470399.0,470038.0,469712.0,469451.0,469197.0,468998.0,468823.0,468661.0,468516.0,468390.0,468278.0,468183.0,468114.0,468047.0,467976.0,467914.0,467860.0,467807.0,467766.0,467737.0,467706.0,467681.0,467646.0,467627.0,467607.0
499995.0,499995.0,499995.0,499994.0,499994.0,499991.0,499990.0,499989.0,499985.0,499983.0,499978.0,499976.0,499970.0,499964.0,499958.0,499954.0,499946.0,499940.0,499928.0,499918.0,499912.0,499900.0,499874.0,499854.0,499834.0,499809.0,499785.0,499750.0,499713.0,499669.0,499612.0,499555.0,499493.0,499427.0,499349.0,499273.0,499183.0,499071.0,498963.0,498827.0,498679.0,498512.0,498288.0,498062.0,497821.0,497550.0,497243.0,496899.0,496495.0,496062.0,495589.0,495000.0,494297.0,493582.0,492761.0,491906.0,490911.0,489815.0,488495.0,487049.0,485447.0,483665.0,481717.0,479483.0,477061.0,474418.0,473401.0,472462.0,471567.0,470746.0,469911.0,469252.0,468613.0,468060.0,467560.0,467163.0,466791.0,466425.0,466166.0,465927.0,465732.0,465535.0,465367.0,465220.0,465083.0,464966.0,464848.0,464753.0,464683.0,464608.0,464534.0,464475.0,464428.0,464394.0,464355.0,464329.0,464299.0,464279.0,464260.0,464241.0
499995.0,499994.0,499993.0,499985.0,499983.0,499980.0,499977.0,499974.0,499969.0,499965.0,499960.0,499956.0,499946.0,499940.0,499934.0,499922.0,499908.0,499894.0,499880.0,499860.0,499837.0,499813.0,499796.0,499770.0,499742.0,499709.0,499677.0,499628.0,499583.0,499531.0,499468.0,499403.0,499326.0,499222.0,499107.0,498983.0,498844.0,498721.0,498535.0,498349.0,498127.0,497866.0,497574.0,497283.0,496935.0,496583.0,496103.0,495562.0,494963.0,494291.0,493516.0,492649.0,491731.0,490645.0,489442.0,488130.0,486626.0,484895.0,483051.0,480938.0,478610.0,476015.0,473171.0,470060.0,466662.0,463031.0,461618.0,460286.0,459073.0,457912.0,456870.0,455836.0,454974.0,454213.0,453537.0,452927.0,452401.0,451951.0,451549.0,451219.0,450942.0,450683.0,450435.0,450242.0,450088.0,449941.0,449805.0,449688.0,449601.0,449493.0,449417.0,449353.0,449293.0,449251.0,449211.0,449177.0,449138.0,449102.0,449074.0,449058.0
499995.0,499995.0,499995.0,499994.0,499993.0,499993.0,499989.0,499985.0,499984.0,499980.0,499979.0,499973.0,499970.0,499965.0,499962.0,499958.0,499955.0,499953.0,499950.0,499938.0,499930.0,499912.0,499898.0,499885.0,499864.0,499845.0,499830.0,499814.0,499786.0,499753.0,499723.0,499694.0,499661.0,499615.0,499563.0,499494.0,499429.0,499358.0,499299.0,499213.0,499107.0,499000.0,498888.0,498756.0,498598.0,498430.0,498238.0,498043.0,497798.0,497517.0,497203.0,496842.0,496463.0,496014.0,495535.0,494942.0,494333.0,493605.0,492808.0,491944.0,490946.0,489854.0,488622.0,487263.0,485733.0,484023.0,483419.0,482825.0,482228.0,481640.0,481149.0,480685.0,480258.0,479906.0,479569.0,479273.0,479011.0,478750.0,478551.0,478357.0,478183.0,478047.0,477930.0,477825.0,477737.0,477657.0,477569.0,477503.0,477435.0,477385.0,477330.0,477280.0,477237.0,477198.0,477171.0,477142.0,477112.0,477098.0,477074.0,477058.0
499995.0,499994.0,499993.0,499992.0,499992.0,499990.0,499990.0,499988.0,499986.0,499984.0,499980.0,499977.0,499971.0,499968.0,499964.0,499954.0,499945.0,499940.0,499933.0,499923.0,499906.0,499899.0,499878.0,499866.0,499847.0,499825.0,499799.0,499774.0,499737.0,499703.0,499663.0,499610.0,499548.0,499482.0,499419.0,499341.0,499244.0,499147.0,499030.0,498867.0,498723.0,498556.0,498351.0,498111.0,497837.0,497557.0,497212.0,496831.0,496448.0,495995.0,495533.0,494978.0,494298.0,493589.0,492793.0,491881.0,490923.0,489784.0,488511.0,487045.0,485434.0,483642.0,481757.0,479633.0,477100.0,474423.0,473373.0,472401.0,471538.0,470727.0,469971.0,469237.0,468551.0,467976.0,467490.0,467050.0,466682.0,466353.0,466028.0,465776.0,465577.0,465374.0,465198.0,465042.0,464905.0,464784.0,464687.0,464618.0,464541.0,464470.0,464413.0,464355.0,464301.0,464256.0,464217.0,464187.0,464161.0,464138.0,464115.0,464090.0
499995.0,499993.0,499991.0,499988.0,499985.0,499980.0,499976.0,499973.0,499970.0,499967.0,499959.0,499947.0,499942.0,499932.0,499922.0,499909.0,499897.0,499884.0,499866.0,499845.0,499827.0,499808.0,499786.0,499750.0,499719.0,499673.0,499632.0,499581.0,499525.0,499444.0,499358.0,499266.0,499165.0,499042.0,498908.0,498748.0,498551.0,498347.0,498105.0,497830.0,497534.0,497216.0,496836.0,496405.0,495908.0,495365.0,494739.0,494006.0,493184.0,492287.0,491308.0,490193.0,488947.0,487507.0,485933.0,484201.0,482206.0,480045.0,477581.0,474904.0,472007.0,468729.0,465147.0,461244.0,457012.0,452569.0,450868.0,449309.0,447893.0,446482.0,445207.0,444081.0,442995.0,442121.0,441306.0,440639.0,440041.0,439499.0,439027.0,438652.0,438310.0,438001.0,437724.0,437513.0,437338.0,437159.0,437010.0,436889.0,436794.0,436697.0,436617.0,436539.0,436475.0,436407.0,436361.0,436333.0,436295.0,436268.0,436243.0,436218.0
499995.0,499994.0,499994.0,499993.0,499993.0,499992.0,499992.0,499992.0,499992.0,499992.0,499991.0,499989.0,499989.0,499985.0,499984.0,499983.0,499981.0,499979.0,499976.0,499974.0,499971.0,499970.0,499967.0,499963.0,499959.0,499957.0,499954.0,499950.0,499947.0,499944.0,499936.0,499927.0,499920.0,499913.0,499906.0,499894.0,499882.0,499869.0,499854.0,499838.0,499820.0,499796.0,499778.0,499755.0,499723.0,499688.0,499647.0,499612.0,499564.0,499502.0,499441.0,499346.0,499250.0,499157.0,499041.0,498930.0,498769.0,498621.0,498437.0,498227.0,497987.0,497711.0,497408.0,497084.0,496718.0,496300.0,496140.0,495980.0,495817.0,495675.0,495540.0,495438.0,495324.0,495226.0,495135.0,495050.0,494989.0,494931.0,494875.0,494819.0,494768.0,494732.0,494700.0,494661.0,494627.0,494594.0,494571.0,494551.0,494536.0,494519.0,494509.0,494491.0,494478.0,494465.0,494455.0,494448.0,494441.0,494438.0,494435.0,494433.0
499995.0,499993.0,499991.0,499989.0,499985.0,499984.0,499982.0,499977.0,499972.0,499969.0,499964.0,499957.0,499951.0,499941.0,499932.0,499916.0,499907.0,499893.0,499880.0,499853.0,499831.0,499813.0,499779.0,499748.0,499707.0,499664.0,499626.0,499587.0,499529.0,499480.0,499412.0,499348.0,499249.0,499146.0,499050.0,498936.0,498811.0,498658.0,498457.0,498277.0,498080.0,497822.0,497553.0,497238.0,496885.0,496485.0,496011.0,495506.0,494993.0,494384.0,493681.0,492881.0,491939.0,490904.0,489782.0,488540.0,487156.0,485547.0,483786.0,481763.0,479544.0,477086.0,474376.0,471482.0,468271.0,464733.0,463443.0,462204.0,461074.0,459964.0,458977.0,458101.0,457312.0,456568.0,455977.0,455408.0,454924.0,454512.0,454120.0,453804.0,453517.0,453268.0,453051.0,452845.0,452689.0,452517.0,452393.0,452294.0,452210.0,452130.0,452055.0,451971.0,451908.0,451841.0,451795.0,451762.0,451730.0,451703.0,451681.0,451645.0
499995.0,499994.0,499994.0,499993.0,499992.0,499991.0,499991.0,499989.0,499988.0,499981.0,499978.0,499978.0,499977.0,499975.0,499970.0,499963.0,499958.0,499948.0,499943.0,499932.0,499926.0,499916.0,499904.0,499894.0,499875.0,499859.0,499841.0,499812.0,499788.0,499761.0,499726.0,499695.0,499656.0,499618.0,499559.0,499489.0,499419.0,499349.0,499263.0,499167.0,499047.0,498915.0,498753.0,498586.0,498376.0,498154.0,497885.0,497585.0,497246.0,496879.0,496487.0,496021.0,495465.0,494878.0,494175.0,493433.0,492604.0,491646.0,490618.0,489469.0,488170.0,486739.0,485089.0,483276.0,481259.0,479043.0,478198.0,477376.0,476627.0,475905.0,475234.0,474631.0,474103.0,473635.0,473191.0,472807.0,472447.0,472158.0,471877.0,471646.0,471461.0,471279.0,471122.0,470978.0,470868.0,470764.0,470662.0,470569.0,470506.0,470454.0,470403.0,470338.0,470298.0,470264.0,470243.0,470216.0,470189.0,470170.0,470154.0,470135.0
499995.0,499995.0,499994.0,499993.0,499991.0,499988.0,499988.0,499986.0,499983.0,499982.0,499978.0,499976.0,499973.0,499964.0,499959.0,499954.0,499950.0,499943.0,499938.0,499932.0,499927.0,499918.0,499903.0,499893.0,499879.0,499864.0,499850.0,499828.0,499799.0,499776.0,499738.0,499700.0,499654.0,499586.0,499530.0,499467.0,499396.0,499325.0,499226.0,499129.0,499008.0,498874.0,498722.0,498564.0,498376.0,498163.0,497921.0,497665.0,497342.0,496988.0,496616.0,496158.0,495653.0,495042.0,494415.0,493701.0,492889.0,491974.0,490910.0,489792.0,488484.0,486939.0,485334.0,483604.0,481614.0,479421.0,478603.0,477835.0,477083.0,476337.0,475651.0,475050.0,474499.0,474042.0,473625.0,473202.0,472855.0,472554.0,472312.0,472069.0,471873.0,471693.0,471534.0,471390.0,471278.0,471166.0,471068.0,470987.0,470913.0,470840.0,470788.0,470737.0,470692.0,470646.0,470602.0,470580.0,470549.0,470533.0,470519.0,470504.0
499995.0,499993.0,499993.0,499991.0,499991.0,499989.0,499987.0,499980.0,499976.0,499973.0,499965.0,499959.0,499949.0,499943.0,499928.0,499922.0,499904.0,499886.0,499869.0,499848.0,499823.0,499793.0,499749.0,499708.0,499657.0,499606.0,499540.0,499472.0,499397.0,499311.0,499211.0,499075.0,498932.0,498767.0,498595.0,498397.0,498173.0,497956.0,497696.0,497381.0,496987.0,496583.0,496106.0,495562.0,494981.0,494338.0,493517.0,492659.0,491708.0,490667.0,489433.0,488083.0,486635.0,484898.0,483003.0,480940.0,478617.0,476071.0,473220.0,470124.0,466753.0,462999.0,458901.0,454505.0,449740.0,444577.0,442747.0,441099.0,439493.0,437930.0,436550.0,435254.0,434178.0,433221.0,432374.0,431625.0,430999.0,430454.0,429965.0,429560.0,429185.0,428868.0,428570.0,428329.0,428108.0,427903.0,427715.0,427577.0,427457.0,427365.0,427284.0,427206.0,427129.0,427060.0,427016.0,426958.0,426921.0,426887.0,426863.0,426837.0
499995.0,499995.0,499994.0,499992.0,499990.0,499986.0,499983.0,499980.0,499978.0,499976.0,499974.0,499969.0,499967.0,499961.0,499956.0,499945.0,499936.0,499926.0,499919.0,499911.0,499903.0,499895.0,499878.0,499852.0,499829.0,499812.0,499784.0,499756.0,499715.0,499679.0,499630.0,499576.0,499521.0,499456.0,499399.0,499299.0,499204.0,499117.0,499008.0,498858.0,498720.0,498566.0,498362.0,498170.0,497926.0,497666.0,497343.0,496948.0,496537.0,496140.0,495667.0,495078.0,494405.0,493699.0,492908.0,492062.0,491119.0,489969.0,488745.0,487325.0,485826.0,484088.0,482190.0,480106.0,477727.0,475091.0,474130.0,473245.0,472342.0,471477.0,470712.0,469983.0,469348.0,468796.0,468270.0,467848.0,467460.0,467095.0,466817.0,466532.0,466324.0,466129.0,465964.0,465814.0,465674.0,465556.0,465454.0,465349.0,465242.0,465172.0,465099.0,465032.0,464974.0,464942.0,464895.0,464861.0,464834.0,464810.0,464782.0,464769.0
499995.0,499995.0,499995.0,499994.0,499993.0,499992.0,499991.0,499990.0,499987.0,499987.0,499985.0,499982.0,499977.0,499974.0,499965.0,499958.0,499955.0,499951.0,499942.0,499927.0,499917.0,499901.0,499888.0,499866.0,499836.0,499811.0,499785.0,499753.0,499712.0,499678.0,499638.0,499585.0,499520.0,499467.0,499396.0,499313.0,499214.0,499103.0,498976.0,498852.0,498704.0,498537.0,498353.0,498141.0,497897.0,497604.0,497303.0,496934.0,496546.0,496092.0,495591.0,494972.0,494330.0,493589.0,492705.0,491777.0,490707.0,489511.0,488114.0,486557.0,484839.0,482922.0,480812.0,478463.0,475843.0,473085.0,472061.0,471089.0,470042.0,469162.0,468282.0,467542.0,466820.0,466207.0,465679.0,465214.0,464809.0,464414.0,464110.0,463834.0,463573.0,463385.0,463234.0,463066.0,462905.0,462781.0,462670.0,462584.0,462508.0,462432.0,462367.0,462315.0,462261.0,462208.0,462166.0,462124.0,462091.0,462066.0,462042.0,462020.0
499995.0,499995.0,499995.0,499995.0,499995.0,499995.0,499995.0,499994.0,499993.0,499992.0,499992.0,499992.0,499991.0,499991.0,499988.0,499986.0,499983.0,499975.0,499970.0,499961.0,499958.0,499952.0,499944.0,499936.0,499925.0,499914.0,499905.0,499895.0,499883.0,499871.0,499847.0,499826.0,499808.0,499786.0,499760.0,499724.0,499680.0,499631.0,499584.0,499539.0,499489.0,499416.0,499356.0,499282.0,499189.0,499087.0,498968.0,498833.0,498706.0,498540.0,498380.0,498179.0,497943.0,497673.0,497354.0,497020.0,496621.0,496180.0,495699.0,495111.0,494507.0,493822.0,493076.0,492193.0,491228.0,490104.0,489686.0,489279.0,488902.0,488560.0,488226.0,487939.0,487678.0,487465.0,487260.0,487063.0,486905.0,486763.0,486633.0,486508.0,486407.0,486323.0,486247.0,486162.0,486083.0,486013.0,485962.0,485920.0,485879.0,485854.0,485828.0,485795.0,485778.0,485757.0,485740.0,485721.0,485708.0,485691.0,485677.0,485676.0
499995.0,499995.0,499995.0,499994.0,499994.0,499991.0,499991.0,499989.0,499988.0,499987.0,499984.0,499982.0,499978.0,499977.0,499974.0,499961.0,499956.0,499948.0,499937.0,499924.0,499912.0,499896.0,499884.0,499862.0,499834.0,499808.0,499772.0,499734.0,499707.0,499658.0,499602.0,499549.0,499483.0,499408.0,499311.0,499215.0,499102.0,498983.0,498848.0,498709.0,498534.0,498346.0,498142.0,497896.0,497627.0,497310.0,497002.0,496651.0,496245.0,495753.0,495187.0,494557.0,493885.0,493105.0,492270.0,491332.0,490229.0,488976.0,487601.0,486109.0,484451.0,482552.0,480479.0,478176.0,475571.0,472723.0,471671.0,470675.0,469731.0,468896.0,468057.0,467360.0,466698.0,466080.0,465564.0,465072.0,464662.0,464334.0,464039.0,463756.0,463494.0,463265.0,463055.0,462897.0,462753.0,462632.0,462528.0,462421.0,462330.0,462263.0,462191.0,462135.0,462075.0,462027.0,461983.0,461940.0,461915.0,461884.0,461854.0,461831.0
499995.0,499995.0,499991.0,499990.0,499989.0,499985.0,499979.0,499973.0,499965.0,499958.0,499944.0,499930.0,499920.0,499903.0,499881.0,499865.0,499845.0,499823.0,499802.0,499785.0,499753.0,499722.0,499685.0,499641.0,499596.0,499548.0,499496.0,499448.0,499379.0,499285.0,499179.0,499071.0,498963.0,498817.0,498658.0,498475.0,498265.0,498023.0,497789.0,497523.0,497212.0,496842.0,496437.0,495981.0,495460.0,494894.0,494226.0,493493.0,492587.0,491657.0,490608.0,489427.0,488109.0,486624.0,485014.0,483230.0,481259.0,478961.0,476525.0,473717.0,470812.0,467577.0,463948.0,460093.0,455863.0,451229.0,449596.0,447984.0,446530.0,445079.0,443814.0,442701.0,441691.0,440739.0,439930.0,439245.0,438668.0,438135.0,437653.0,437273.0,436914.0,436622.0,436356.0,436101.0,435907.0,435741.0,435576.0,435437.0,435337.0,435233.0,435152.0,435092.0,435029.0,434973.0,434926.0,434884.0,434851.0,434807.0,434784.0,434763.0
499995.0,499995.0,499995.0,499995.0,499994.0,499994.0,499993.0,499992.0,499989.0,499989.0,499989.0,499987.0,499986.0,499984.0,499980.0,499978.0,499975.0,499971.0,499969.0,499966.0,499963.0,499955.0,499951.0,499949.0,499939.0,499924.0,499912.0,499905.0,499892.0,499877.0,499863.0,499842.0,499823.0,499796.0,499773.0,499747.0,499712.0,499670.0,499622.0,499580.0,499519.0,499465.0,499407.0,499315.0,499228.0,499142.0,499014.0,498857.0,498712.0,498512.0,498333.0,498112.0,497840.0,497552.0,497219.0,496863.0,496451.0,495977.0,495460.0,494823.0,494139.0,493347.0,492513.0,491557.0,490467.0,489310.0,488836.0,488398.0,488003.0,487653.0,487307.0,486950.0,486652.0,486376.0,486145.0,485949.0,485772.0,485619.0,485485.0,485346.0,485236.0,485142.0,485048.0,484970.0,484907.0,484848.0,484797.0,484758.0,484728.0,484702.0,484670.0,484630.0,484605.0,484582.0,484567.0,484551.0,484536.0,484521.0,484513.0,484498.0
499995.0,499995.0,499994.0,499994.0,499994.0,499993.0,499992.0,499992.0,499992.0,499992.0,499991.0,499991.0,499989.0,499986.0,499982.0,499982.0,499981.0,499980.0,499978.0,499975.0,499973.0,499972.0,499968.0,499963.0,499959.0,499958.0,499955.0,499953.0,499947.0,499941.0,499935.0,499931.0,499925.0,499917.0,499910.0,499905.0,499898.0,499886.0,499873.0,499859.0,499841.0,499817.0,499795.0,499776.0,499755.0,499730.0,499698.0,499654.0,499614.0,499553.0,499493.0,499425.0,499348.0,499280.0,499177.0,499060.0,498920.0,498772.0,498601.0,498412.0,498196.0,497957.0,497684.0,497401.0,497069.0,496693.0,496550.0,496403.0,496285.0,496176.0,496043.0,495927.0,495811.0,495726.0,495655.0,495589.0,495522.0,495471.0,495422.0,495378.0,495341.0,495305.0,495275.0,495249.0,495212.0,495193.0,495173.0,495155.0,495132.0,495116.0,495103.0,495091.0,495086.0,495071.0,495065.0,495056.0,495055.0,495053.0,495047.0,495043.0
499995.0,499994.0,499993.0,499992.0,499991.0,499989.0,499988.0,499984.0,499982.0,499979.0,499977.0,499975.0,499970.0,499967.0,499959.0,499950.0,499945.0,499931.0,499919.0,499909.0,499897.0,499882.0,499867.0,499845.0,499824.0,499794.0,499779.0,499756.0,499721.0,499677.0,499635.0,499589.0,499524.0,499462.0,499375.0,499273.0,499161.0,499039.0,498908.0,498771.0,498582.0,498381.0,498143.0,497898.0,497580.0,497305.0,496961.0,496542.0,496049.0,495533.0,494968.0,494271.0,493537.0,492712.0,491786.0,490785.0,489602.0,488312.0,486832.0,485161.0,483381.0,481365.0,479072.0,476521.0,473745.0,470644.0,469546.0,468466.0,467438.0,466439.0,465503.0,464660.0,463902.0,463294.0,462706.0,462189.0,461746.0,461403.0,461085.0,460799.0,460541.0,460312.0,460077.0,459907.0,459752.0,459631.0,459498.0,459379.0,459289.0,459227.0,459149.0,459079.0,459023.0,458976.0,458928.0,458891.0,458856.0,458825.0,458794.0,458767.0
499995.0,499994.0,499993.0,499993.0,499992.0,499990.0,499986.0,499985.0,499983.0,499982.0,499982.0,499982.0,499980.0,499980.0,499977.0,499974.0,499974.0,499969.0,499968.0,499966.0,499960.0,499954.0,499945.0,499936.0,499924.0,499913.0,499908.0,499893.0,499877.0,499860.0,499837.0,499810.0,499773.0,499731.0,499697.0,499652.0,499596.0,499541.0,499492.0,499438.0,499357.0,499297.0,499209.0,499123.0,499021.0,498889.0,498727.0,498574.0,498399.0,498207.0,497976.0,497703.0,497441.0,497100.0,496696.0,496289.0,495822.0,495319.0,494734.0,494072.0,493353.0,492500.0,491544.0,490467.0,489248.0,487889.0,487420.0,486952.0,486491.0,486039.0,485638.0,485287.0,484961.0,484676.0,484402.0,484157.0,483967.0,483764.0,483605.0,483456.0,483332.0,483204.0,483101.0,483008.0,482940.0,482871.0,482813.0,482752.0,482705.0,482666.0,482619.0,482588.0,482546.0,482523.0,482503.0,482488.0,482466.0,482446.0,482432.0,482420.0
499995.0,499992.0,499992.0,499991.0,499989.0,499986.0,499984.0,499978.0,499974.0,499966.0,499957.0,499950.0,499938.0,499926.0,499911.0,499895.0,499873.0,499858.0,499829.0,499794.0,499769.0,499727.0,499673.0,499628.0,499563.0,499501.0,499430.0,499361.0,499265.0,499167.0,499050.0,498911.0,498765.0,498577.0,498377.0,498158.0,497915.0,497627.0,497289.0,496901.0,496493.0,496008.0,495462.0,494896.0,494228.0,493437.0,492605.0,491646.0,490590.0,489368.0,488036.0,486579.0,484959.0,483137.0,481136.0,478830.0,476307.0,473518.0,470463.0,467140.0,463571.0,459644.0,455294.0,450563.0,445500.0,440056.0,438142.0,436261.0,434522.0,432907.0,431384.0,430135.0,429020.0,427965.0,427072.0,426302.0,425582.0,425013.0,424545.0,424148.0,423783.0,423432.0,423153.0,422892.0,422704.0,422511.0,422336.0,422185.0,422057.0,421950.0,421848.0,421766.0,421691.0,421638.0,421585.0,421534.0,421497.0,421450.0,421420.0,421389.0
499995.0,499994.0,499994.0,499992.0,499992.0,499989.0,499984.0,499981.0,499977.0,499973.0,499972.0,499970.0,499965.0,499960.0,499952.0,499947.0,499942.0,499934.0,499924.0,499914.0,499908.0,499897.0,499881.0,499870.0,499857.0,499843.0,499828.0,499810.0,499794.0,499765.0,499734.0,499705.0,499671.0,499630.0,499579.0,499523.0,499466.0,499399.0,499307.0,499208.0,499111.0,499002.0,498857.0,498696.0,498520.0,498312.0,498067.0,497829.0,497502.0,497164.0,496756.0,496324.0,495773.0,495211.0,494570.0,493799.0,492982.0,492082.0,490994.0,489850.0,488569.0,487142.0,485570.0,483746.0,481749.0,479484.0,478683.0,477884.0,477102.0,476399.0,475741.0,475135.0,474629.0,474147.0,473718.0,473346.0,473027.0,472723.0,472440.0,472184.0,471991.0,471819.0,471651.0,471502.0,471368.0,471253.0,471152.0,471074.0,471009.0,470946.0,470898.0,470846.0,470789.0,470757.0,470724.0,470698.0,470676.0,470657.0,470640.0,470620.0
499995.0,499995.0,499994.0,499994.0,499993.0,499992.0,499990.0,499990.0,499987.0,499986.0,499986.0,499984.0,499980.0,499975.0,499973.0,499972.0,499969.0,499965.0,499958.0,499952.0,499942.0,499933.0,499917.0,499904.0,499888.0,499870.0,499852.0,499835.0,499814.0,499776.0,499743.0,499709.0,499653.0,499599.0,499546.0,499470.0,499398.0,499324.0,499244.0,499155.0,499037.0,498903.0,498768.0,498609.0,498429.0,498230.0,497999.0,497738.0,497465.0,497144.0,496806.0,496428.0,495984.0,495455.0,494899.0,494266.0,493536.0,492674.0,491751.0,490672.0,489526.0,488202.0,486771.0,485089.0,483225.0,481235.0,480464.0,479732.0,479067.0,478438.0,477825.0,477255.0,476767.0,476320.0,475943.0,475588.0,475285.0,475022.0,474772.0,474569.0,474400.0,474232.0,474089.0,473989.0,473869.0,473769.0,473673.0,473594.0,473520.0,473471.0,473423.0,473387.0,473346.0,473311.0,473285.0,473248.0,473218.0,473203.0,473179.0,473167.0
499995.0,499994.0,499992.0,499989.0,499988.0,499986.0,499984.0,499981.0,499980.0,499974.0,499968.0,499964.0,499954.0,499948.0,499935.0,499927.0,499913.0,499905.0,499894.0,499878.0,499857.0,499838.0,499820.0,499799.0,499775.0,499745.0,499712.0,499679.0,499632.0,499573.0,499514.0,499429.0,499346.0,499246.0,499146.0,499027.0,498904.0,498764.0,498600.0,498413.0,498183.0,497943.0,497669.0,497366.0,497005.0,496611.0,496131.0,495612.0,495107.0,494484.0,493773.0,492957.0,492080.0,491110.0,489989.0,488725.0,487321.0,485744.0,483980.0,482027.0,479789.0,477447.0,474831.0,471980.0,468810.0,465410.0,464180.0,462941.0,461736.0,460673.0,459715.0,458771.0,457968.0,457303.0,456689.0,456174.0,455727.0,455293.0,454933.0,454618.0,454341.0,454064.0,453845.0,453648.0,453516.0,453361.0,453236.0,453114.0,453030.0,452939.0,452856.0,452787.0,452721.0,452672.0,452631.0,452589.0,452559.0,452538.0,452514.0,452486.0
499995.0,499994.0,499993.0,499992.0,499990.0,499989.0,499988.0,499986.0,499983.0,499982.0,499982.0,499982.0,499980.0,499979.0,499972.0,499967.0,499962.0,499958.0,499949.0,499946.0,499940.0,499932.0,499922.0,499917.0,499902.0,499895.0,499884.0,499875.0,499865.0,499850.0,499817.0,499790.0,499766.0,499741.0,499717.0,499681.0,499659.0,499616.0,499571.0,499535.0,499485.0,499431.0,499371.0,499297.0,499222.0,499123.0,499023.0,498912.0,498774.0,498616.0,498442.0,498249.0,498020.0,497772.0,497507.0,497190.0,496865.0,496473.0,495975.0,495463.0,494868.0,494216.0,493466.0,492595.0,491648.0,490609.0,490209.0,489819.0,489432.0,489058.0,488753.0,488482.0,488198.0,487954.0,487750.0,487547.0,487382.0,487245.0,487113.0,487015.0,486915.0,486809.0,486722.0,486633.0,486566.0,486515.0,486460.0,486415.0,486374.0,486340.0,486312.0,486286.0,486267.0,486239.0,486210.0,486187.0,486173.0,486153.0,486144.0,486130.0
499995.0,499995.0,499995.0,499995.0,499995.0,499995.0,499993.0,499991.0,499990.0,499989.0,499988.0,499986.0,499984.0,499982.0,499980.0,499977.0,499975.0,499974.0,499972.0,499968.0,499965.0,499961.0,499958.0,499955.0,499949.0,499942.0,499936.0,499932.0,499923.0,499908.0,499891.0,499869.0,499848.0,499826.0,499807.0,499781.0,499745.0,499709.0,499669.0,499615.0,499563.0,499499.0,499449.0,499372.0,499296.0,499223.0,499112.0,498976.0,498822.0,498674.0,498478.0,498278.0,498066.0,497818.0,497567.0,497263.0,496875.0,496429.0,495962.0,495449.0,494867.0,494197.0,493478.0,492665.0,491766.0,490727.0,490328.0,489956.0,489594.0,489240.0,488918.0,488602.0,488340.0,488111.0,487914.0,487732.0,487566.0,487413.0,487285.0,487163.0,487054.0,486966.0,486880.0,486814.0,486747.0,486698.0,486647.0,486609.0,486565.0,486532.0,486501.0,486476.0,486458.0,486436.0,486418.0,486399.0,486388.0,486371.0,486354.0,486344.0
499995.0,499994.0,499993.0,499993.0,499992.0,499990.0,499988.0,499983.0,499981.0,499978.0,499976.0,499972.0,499971.0,499967.0,499964.0,499962.0,499959.0,499948.0,499939.0,499931.0,499920.0,499906.0,499894.0,499875.0,499856.0,499836.0,499807.0,499776.0,499755.0,499727.0,499696.0,499668.0,499624.0,499566.0,499498.0,499443.0,499347.0,499257.0,499160.0,499064.0,498935.0,498774.0,498585.0,498391.0,498157.0,497913.0,497625.0,497305.0,496949.0,496548.0,496052.0,495513.0,494916.0,494287.0,493559.0,492742.0,491803.0,490714.0,489559.0,488267.0,486819.0,485230.0,483488.0,481533.0,479347.0,476901.0,476002.0,475138.0,474327.0,473528.0,472820.0,472127.0,471582.0,471081.0,470646.0,470211.0,469861.0,469584.0,469313.0,469070.0,468854.0,468676.0,468503.0,468365.0,468253.0,468140.0,468045.0,467952.0,467861.0,467781.0,467714.0,467659.0,467616.0,467571.0,467535.0,467506.0,467480.0,467456.0,467432.0,467418.0
499995.0,499994.0,499993.0,499991.0,499989.0,499985.0,499983.0,499981.0,499975.0,499969.0,499966.0,499963.0,499957.0,499947.0,499939.0,499926.0,499919.0,499915.0,499900.0,499884.0,499862.0,499837.0,499811.0,499786.0,499756.0,499716.0,499680.0,499642.0,499590.0,499541.0,499480.0,499412.0,499327.0,499238.0,499152.0,499043.0,498920.0,498796.0,498646.0,498485.0,498332.0,498128.0,497872.0,497597.0,497313.0,496962.0,496564.0,496103.0,495619.0,495053.0,494402.0,493636.0,492784.0,491874.0,490830.0,489691.0,488414.0,486944.0,485265.0,483533.0,481563.0,479355.0,476862.0,474128.0,471028.0,467736.0,466510.0,465327.0,464227.0,463177.0,462262.0,461357.0,460605.0,459935.0,459310.0,458814.0,458323.0,457935.0,457582.0,457293.0,457016.0,456763.0,456557.0,456370.0,456211.0,456069.0,455943.0,455836.0,455745.0,455659.0,455587.0,455516.0,455466.0,455417.0,455364.0,455313.0,455269.0,455245.0,455221.0,455193.0
499995.0,499995.0,499994.0,499994.0,499992.0,499990.0,499988.0,499986.0,499978.0,499974.0,499970.0,499965.0,499957.0,499948.0,499941.0,499935.0,499920.0,499913.0,499893.0,499871.0,499854.0,499837.0,499823.0,499800.0,499771.0,499746.0,499708.0,499672.0,499631.0,499594.0,499544.0,499482.0,499415.0,499332.0,499229.0,499124.0,499019.0,498875.0,498713.0,498525.0,498321.0,498080.0,497813.0,497514.0,497158.0,496743.0,496267.0,495777.0,495185.0,494570.0,493838.0,493075.0,492201.0,491196.0,490096.0,488839.0,487366.0,485852.0,484076.0,482130.0,479952.0,477608.0,474954.0,471942.0,468682.0,465077.0,463756.0,462504.0,461265.0,460123.0,459033.0,458108.0,457266.0,456516.0,455858.0,455307.0,454811.0,454353.0,453985.0,453671.0,453383.0,453114.0,452902.0,452709.0,452536.0,452393.0,452242.0,452132.0,452018.0,451913.0,451831.0,451762.0,451700.0,451651.0,451606.0,451560.0,451517.0,451497.0,451462.0,451440.0
499995.0,499994.0,499992.0,499992.0,499987.0,499985.0,499980.0,499977.0,499971.0,499970.0,499965.0,499958.0,499952.0,499943.0,499935.0,499923.0,499917.0,499907.0,499891.0,499882.0,499866.0,499850.0,499834.0,499808.0,499778.0,499753.0,499723.0,499690.0,499655.0,499602.0,499557.0,499500.0,499431.0,499347.0,499253.0,499156.0,499052.0,498920.0,498772.0,498612.0,498442.0,498233.0,498001.0,497721.0,497462.0,497123.0,496757.0,496333.0,495827.0,495269.0,494626.0,493983.0,493179.0,492305.0,491360.0,490270.0,489003.0,487613.0,486077.0,484372.0,482455.0,480293.0,478007.0,475430.0,472565.0,469473.0,468285.0,467142.0,466089.0,465144.0,464255.0,463449.0,462707.0,462013.0,461451.0,460958.0,460506.0,460074.0,459711.0,459400.0,459150.0,458920.0,458740.0,458570.0,458421.0,458287.0,458170.0,458074.0,457974.0,457897.0,457829.0,457759.0,457699.0,457651.0,457608.0,457563.0,457526.0,457491.0,457469.0,457448.0
499995.0,499993.0,499992.0,499989.0,499986.0,499986.0,499982.0,499976.0,499973.0,499968.0,499960.0,499954.0,499947.0,499933.0,499920.0,499902.0,499888.0,499869.0,499847.0,499823.0,499787.0,499758.0,499720.0,499672.0,499628.0,499576.0,499522.0,499432.0,499338.0,499239.0,499140.0,499016.0,498891.0,498727.0,498546.0,498354.0,498125.0,497868.0,497581.0,497264.0,496920.0,496527.0,496092.0,495580.0,495037.0,494408.0,493677.0,492882.0,492013.0,490961.0,489810.0,488583.0,487165.0,485596.0,483791.0,481745.0,479508.0,477144.0,474468.0,471463.0,468120.0,464605.0,460781.0,456562.0,451985.0,447068.0,445248.0,443588.0,441930.0,440441.0,439041.0,437841.0,436768.0,435803.0,435015.0,434316.0,433702.0,433152.0,432683.0,432285.0,431930.0,431595.0,431347.0,431119.0,430933.0,430745.0,430621.0,430485.0,430383.0,430282.0,430186.0,430113.0,430057.0,429994.0,429940.0,429879.0,429848.0,429809.0,429770.0,429748.0
499995.0,499995.0,499995.0,499992.0,499992.0,499992.0,499992.0,499991.0,499990.0,499985.0,499984.0,499981.0,499980.0,499973.0,499971.0,499968.0,499963.0,499959.0,499956.0,499949.0,499938.0,499932.0,499919.0,499912.0,499907.0,499888.0,499866.0,499853.0,499841.0,499825.0,499809.0,499792.0,499766.0,499743.0,499723.0,499689.0,499652.0,499606.0,499567.0,499515.0,499458.0,499389.0,499314.0,499217.0,499133.0,499033.0,498904.0,498772.0,498627.0,498466.0,498273.0,498052.0,497815.0,497567.0,497264.0,496945.0,496576.0,496159.0,495682.0,495125.0,494498.0,493787.0,492983.0,492157.0,491170.0,490130.0,489689.0,489300.0,488918.0,488576.0,488277.0,487988.0,487718.0,487461.0,487246.0,487076.0,486904.0,486750.0,486612.0,486502.0,486393.0,486295.0,486224.0,486154.0,486104.0,486044.0,485994.0,485956.0,485909.0,485865.0,485830.0,485806.0,485790.0,485760.0,485738.0,485716.0,485701.0,485682.0,485666.0,485655.0
499995.0,499991.0,499989.0,499985.0,499984.0,499982.0,499980.0,499976.0,499969.0,499967.0,499959.0,499954.0,499949.0,499943.0,499938.0,499935.0,499928.0,499919.0,499903.0,499887.0,499869.0,499853.0,499826.0,499800.0,499773.0,499746.0,499710.0,499669.0,499627.0,499574.0,499511.0,499431.0,499341.0,499260.0,499170.0,499046.0,498920.0,498765.0,498619.0,498421.0,498191.0,497941.0,497670.0,497366.0,497047.0,496640.0,496230.0,495736.0,495173.0,494549.0,493869.0,493114.0,492264.0,491272.0,490134.0,488909.0,487506.0,485994.0,484223.0,482273.0,480152.0,477745.0,475114.0,472164.0,469022.0,465522.0,464222.0,462995.0,461757.0,460608.0,459596.0,458640.0,457828.0,457119.0,456511.0,455963.0,455439.0,455021.0,454662.0,454351.0,454054.0,453818.0,453585.0,453401.0,453224.0,453076.0,452960.0,452850.0,452741.0,452655.0,452578.0,452505.0,452441.0,452389.0,452328.0,452277.0,452240.0,452217.0,452180.0,452154.0
499995.0,499993.0,499990.0,499990.0,499985.0,499985.0,499982.0,499980.0,499977.0,499975.0,499972.0,499966.0,499964.0,499953.0,499950.0,499946.0,499932.0,499929.0,499924.0,499913.0,499904.0,499899.0,499883.0,499868.0,499850.0,499832.0,499813.0,499798.0,499778.0,499750.0,499720.0,499690.0,499664.0,499620.0,499561.0,499500.0,499430.0,499339.0,499231.0,499109.0,499003.0,498869.0,498717.0,498530.0,498330.0,498097.0,497861.0,497581.0,497251.0,496892.0,496473.0,495982.0,495436.0,494862.0,494208.0,493455.0,492582.0,491644.0,490543.0,489375.0,488037.0,486537.0,484843.0,482954.0,480795.0,478476.0,477602.0,476784.0,475928.0,475172.0,474475.0,473848.0,473259.0,472758.0,472299.0,471884.0,471568.0,471258.0,470993.0,470768.0,470563.0,470390.0,470237.0,470106.0,469995.0,469884.0,469798.0,469728.0,469653.0,469588.0,469529.0,469472.0,469434.0,469393.0,469342.0,469313.0,469273.0,469246.0,469224.0,469203.0
499995.0,499994.0,499994.0,499993.0,499989.0,499988.0,499987.0,499983.0,499982.0,499977.0,499975.0,499973.0,499969.0,499960.0,499949.0,499940.0,499933.0,499922.0,499913.0,499902.0,499887.0,499874.0,499859.0,499840.0,499808.0,499782.0,499746.0,499709.0,499663.0,499617.0,499577.0,499514.0,499445.0,499356.0,499282.0,499177.0,499052.0,498902.0,498770.0,498608.0,498458.0,498271.0,498056.0,497823.0,497571.0,497236.0,496891.0,496503.0,496064.0,495519.0,494937.0,494296.0,493571.0,492771.0,491847.0,490831.0,489716.0,488436.0,486957.0,485391.0,483624.0,481652.0,479555.0,477111.0,474466.0,471562.0,470463.0,469382.0,468401.0,467534.0,466672.0,465901.0,465201.0,464588.0,464030.0,463571.0,463137.0,462793.0,462450.0,462176.0,461914.0,461704.0,461509.0,461338.0,461206.0,461068.0,460940.0,460847.0,460751.0,460684.0,460626.0,460559.0,460506.0,460454.0,460411.0,460374.0,460338.0,460304.0,460280.0,460263.0
499995.0,499995.0,499994.0,499991.0,499989.0,499984.0,499982.0,499977.0,499970.0,499963.0,499958.0,499948.0,499936.0,499919.0,499902.0,499891.0,499876.0,499854.0,499831.0,499805.0,499774.0,499727.0,499683.0,499630.0,499576.0,499507.0,499442.0,499363.0,499296.0,499195.0,499077.0,498940.0,498799.0,498636.0,498449.0,498268.0,498044.0,497807.0,497539.0,497192.0,496806.0,496367.0,495906.0,495377.0,494767.0,494069.0,493302.0,492449.0,491503.0,490459.0,489320.0,488052.0,486701.0,485100.0,483365.0,481423.0,479154.0,476745.0,474157.0,471196.0,467925.0,464403.0,460509.0,456343.0,451779.0,446890.0,445060.0,443340.0,441675.0,440201.0,438825.0,437625.0,436533.0,435547.0,434718.0,434036.0,433398.0,432822.0,432349.0,431945.0,431569.0,431252.0,430997.0,430748.0,430548.0,430387.0,430234.0,430108.0,430005.0,429891.0,429787.0,429708.0,429654.0,429591.0,429534.0,429492.0,429454.0,429422.0,429394.0,429374.0
499995.0,499993.0,499991.0,499990.0,499989.0,499988.0,499983.0,499982.0,499979.0,499977.0,499972.0,499967.0,499960.0,499956.0,499950.0,499938.0,499928.0,499921.0,499913.0,499899.0,499894.0,499879.0,499865.0,499852.0,499829.0,499803.0,499771.0,499738.0,499703.0,499658.0,499617.0,499565.0,499517.0,499441.0,499360.0,499268.0,499161.0,499069.0,498943.0,498799.0,498649.0,498470.0,498284.0,498061.0,497811.0,497557.0,497203.0,496853.0,496466.0,496022.0,495521.0,494914.0,494243.0,493517.0,492681.0,491754.0,490740.0,489639.0,488363.0,486938.0,485360.0,483582.0,481621.0,479532.0,477128.0,474528.0,473556.0,472604.0,471704.0,470890.0,470194.0,469511.0,468876.0,468319.0,467837.0,467390.0,466985.0,466629.0,466324.0,466055.0,465841.0,465637.0,465472.0,465299.0,465153.0,465008.0,464902.0,464796.0,464713.0,464645.0,464572.0,464505.0,464456.0,464400.0,464356.0,464310.0,464286.0,464257.0,464231.0,464213.0
499995.0,499995.0,499994.0,499994.0,499993.0,499993.0,499993.0,499993.0,499993.0,499993.0,499993.0,499993.0,499991.0,499990.0,499989.0,499989.0,499988.0,499987.0,499986.0,499986.0,499985.0,499981.0,499979.0,499975.0,499975.0,499974.0,499970.0,499966.0,499961.0,499959.0,499956.0,499953.0,499946.0,499942.0,499939.0,499929.0,499923.0,499913.0,499907.0,499894.0,499891.0,499883.0,499865.0,499847.0,499828.0,499796.0,499766.0,499742.0,499719.0,499680.0,499637.0,499594.0,499535.0,499471.0,499416.0,499348.0,499250.0,499155.0,499017.0,498898.0,498732.0,498577.0,498371.0,498154.0,497912.0,497643.0,497536.0,497433.0,497338.0,497230.0,497138.0,497065.0,496990.0,496919.0,496849.0,496789.0,496748.0,496708.0,496678.0,496650.0,496619.0,496593.0,496567.0,496546.0,496528.0,496511.0,496492.0,496480.0,496472.0,496464.0,496448.0,496439.0,496430.0,496422.0,496416.0,496412.0,496404.0,496399.0,496391.0,496382.0
499995.0,499995.0,499994.0,499994.0,499994.0,499991.0,499990.0,499987.0,499983.0,499979.0,499974.0,499973.0,499971.0,499964.0,499961.0,499956.0,499953.0,499947.0,499942.0,499935.0,499931.0,499919.0,499904.0,499889.0,499873.0,499852.0,499824.0,499803.0,499771.0,499737.0,499686.0,499655.0,499615.0,499563.0,499492.0,499436.0,499363.0,499282.0,499169.0,499068.0,498942.0,498798.0,498617.0,498432.0,498225.0,498008.0,497731.0,497404.0,497049.0,496680.0,496233.0,495696.0,495088.0,494392.0,493628.0,492744.0,491780.0,490691.0,489523.0,488146.0,486653.0,484886.0,483026.0,480924.0,478589.0,475858.0,474923.0,474033.0,473233.0,472409.0,471654.0,470970.0,470343.0,469815.0,469314.0,468868.0,468497.0,468184.0,467931.0,467657.0,467454.0,467270.0,467118.0,466957.0,466808.0,466685.0,466572.0,466488.0,466395.0,466325.0,466271.0,466213.0,466161.0,466125.0,466090.0,466061.0,466034.0,466008.0,465992.0,465971.0
499995.0,499995.0,499993.0,499991.0,499990.0,499985.0,499984.0,499981.0,499977.0,499975.0,499970.0,499964.0,499957.0,499950.0,499945.0,499930.0,499924.0,499916.0,499904.0,499892.0,499874.0,499860.0,499843.0,499825.0,499793.0,499765.0,499733.0,499694.0,499646.0,499593.0,499529.0,499454.0,499371.0,499294.0,499203.0,499086.0,498935.0,498764.0,498584.0,498392.0,498172.0,497929.0,497658.0,497331.0,496978.0,496542.0,496086.0,495562.0,494953.0,494267.0,493490.0,492612.0,491663.0,490522.0,489313.0,487994.0,486416.0,484773.0,482975.0,480882.0,478506.0,475907.0,473074.0,469903.0,466489.0,462636.0,461291.0,459944.0,458660.0,457532.0,456452.0,455437.0,454608.0,453837.0,453171.0,452615.0,452103.0,451693.0,451276.0,450932.0,450600.0,450333.0,450088.0,449879.0,449716.0,449545.0,449405.0,449287.0,449177.0,449087.0,449008.0,448927.0,448868.0,448824.0,448774.0,448730.0,448700.0,448676.0,448655.0,448632.0
499995.0,499995.0,499992.0,499991.0,499991.0,499990.0,499988.0,499986.0,499983.0,499981.0,499978.0,499976.0,499971.0,499968.0,499965.0,499960.0,499955.0,499949.0,499944.0,499938.0,499927.0,499917.0,499914.0,499904.0,499895.0,499880.0,499863.0,499844.0,499830.0,499812.0,499783.0,499752.0,499721.0,499679.0,499636.0,499591.0,499533.0,499468.0,499386.0,499307.0,499211.0,499086.0,498972.0,498835.0,498679.0,498493.0,498295.0,498087.0,497807.0,497529.0,497198.0,496809.0,496400.0,495890.0,495363.0,494754.0,494057.0,493291.0,492414.0,491403.0,490241.0,488985.0,487595.0,486117.0,484363.0,482360.0,481700.0,480997.0,480343.0,479686.0,479121.0,478548.0,478081.0,477655.0,477264.0,476906.0,476594.0,476351.0,476122.0,475911.0,475687.0,475531.0,475379.0,475240.0,475138.0,475029.0,474950.0,474867.0,474808.0,474763.0,474712.0,474663.0,474637.0,474606.0,474575.0,474554.0,474541.0,474519.0,474500.0,474486.0
499995.0,499995.0,499995.0,499993.0,499993.0,499993.0,499993.0,499992.0,499990.0,499990.0,499988.0,499986.0,499986.0,499984.0,499982.0,499977.0,499974.0,499969.0,499964.0,499961.0,499954.0,499950.0,499939.0,499929.0,499911.0,499896.0,499874.0,499856.0,499824.0,499794.0,499763.0,499723.0,499667.0,499622.0,499574.0,499520.0,499452.0,499366.0,499292.0,499203.0,499105.0,498997.0,498863.0,498713.0,498538.0,498346.0,498125.0,497877.0,497582.0,497282.0,496962.0,496555.0,496062.0,495511.0,494877.0,494197.0,493387.0,492591.0,491633.0,490581.0,489350.0,488012.0,486554.0,484829.0,483026.0,480963.0,480235.0,479515.0,478818.0,478136.0,477504.0,476892.0,476350.0,475912.0,475501.0,475175.0,474854.0,474580.0,474336.0,474126.0,473931.0,473764.0,473634.0,473515.0,473387.0,473286.0,473183.0,473091.0,473021.0,472964.0,472907.0,472852.0,472806.0,472764.0,472721.0,472687.0,472667.0,472631.0,472602.0,472583.0
499995.0,499995.0,499994.0,499993.0,499991.0,499987.0,499986.0,499985.0,499982.0,499980.0,499977.0,499970.0,499965.0,499960.0,499956.0,499953.0,499951.0,499944.0,499936.0,499926.0,499918.0,499908.0,499897.0,499886.0,499868.0,499844.0,499825.0,499798.0,499781.0,499755.0,499718.0,499675.0,499628.0,499578.0,499514.0,499451.0,499392.0,499314.0,499235.0,499119.0,499010.0,498902.0,498773.0,498609.0,498430.0,498234.0,497989.0,497751.0,497471.0,497162.0,496795.0,496382.0,495917.0,495390.0,494835.0,494147.0,493424.0,492560.0,491602.0,490515.0,489292.0,487934.0,486472.0,484845.0,482943.0,480875.0,480096.0,479334.0,478558.0,477928.0,477306.0,476718.0,476213.0,475739.0,475307.0,474902.0,474572.0,474267.0,474035.0,473837.0,473663.0,473495.0,473332.0,473196.0,473082.0,472966.0,472873.0,472795.0,472734.0,472680.0,472633.0,472589.0,472539.0,472493.0,472452.0,472428.0,472401.0,472379.0,472361.0,472347.0
499995.0,499995.0,499995.0,499994.0,499993.0,499993.0,499992.0,499991.0,499990.0,499989.0,499987.0,499985.0,499982.0,499977.0,499975.0,499973.0,499970.0,499966.0,499960.0,499953.0,499948.0,499938.0,499928.0,499920.0,499915.0,499909.0,499899.0,499884.0,499862.0,499840.0,499828.0,499810.0,499787.0,499753.0,499727.0,499683.0,499635.0,499582.0,499527.0,499471.0,499405.0,499318.0,499240.0,499149.0,499053.0,498952.0,498802.0,498655.0,498475.0,498294.0,498072.0,497811.0,497516.0,497199.0,496822.0,496394.0,495954.0,495428.0,494876.0,494251.0,493581.0,492777.0,491858.0,490806.0,489694.0,488413.0,487954.0,487501.0,487054.0,486609.0,486230.0,485888.0,485579.0,485278.0,485057.0,484826.0,484618.0,484450.0,484306.0,484186.0,484084.0,483967.0,483874.0,483803.0,483735.0,483680.0,483625.0,483589.0,483545.0,483507.0,483470.0,483439.0,483414.0,483392.0,483366.0,483351.0,483341.0,483323.0,483316.0,483310.0
499995.0,499995.0,499994.0,499993.0,499991.0,499991.0,499990.0,499987.0,499986.0,499985.0,499982.0,499981.0,499977.0,499974.0,499972.0,499968.0,499962.0,499955.0,499941.0,499928.0,499916.0,499901.0,499887.0,499862.0,499846.0,499823.0,499798.0,499775.0,499754.0,499723.0,499699.0,499656.0,499615.0,499561.0,499498.0,499432.0,499366.0,499286.0,499192.0,499096.0,498998.0,498872.0,498719.0,498570.0,498369.0,498130.0,497871.0,497583.0,497286.0,496913.0,496534.0,496078.0,495573.0,495018.0,494377.0,493656.0,492844.0,491921.0,490853.0,489724.0,488419.0,487002.0,485344.0,483495.0,481474.0,479243.0,478409.0,477591.0,476799.0,476084.0,475428.0,474832.0,474287.0,473778.0,473337.0,472947.0,472634.0,472348.0,472105.0,471896.0,471696.0,471510.0,471333.0,471203.0,471087.0,470983.0,470887.0,470807.0,470727.0,470658.0,470594.0,470543.0,470509.0,470476.0,470435.0,470405.0,470378.0,470360.0,470342.0,470324.0
499995.0,499993.0,499992.0,499992.0,499991.0,499990.0,499989.0,499986.0,499984.0,499981.0,499980.0,499978.0,499976.0,499972.0,499968.0,499965.0,499961.0,499960.0,499956.0,499951.0,499949.0,499946.0,499943.0,499941.0,499938.0,499933.0,499930.0,499927.0,499921.0,499917.0,499909.0,499901.0,499892.0,499880.0,499873.0,499860.0,499847.0,499832.0,499813.0,499798.0,499772.0,499743.0,499706.0,499674.0,499630.0,499591.0,499540.0,499482.0,499421.0,499330.0,499243.0,499142.0,499032.0,498892.0,498761.0,498578.0,498374.0,498126.0,497862.0,497539.0,497224.0,496863.0,496434.0,495922.0,495369.0,494745.0,494478.0,494265.0,494059.0,493851.0,493688.0,493501.0,493327.0,493209.0,493082.0,492963.0,492861.0,492774.0,492699.0,492622.0,492552.0,492484.0,492428.0,492386.0,492357.0,492319.0,492286.0,492253.0,492230.0,492206.0,492190.0,492173.0,492162.0,492147.0,492127.0,492112.0,492100.0,492094.0,492086.0,492077.0
499995.0,499994.0,499994.0,499993.0,499992.0,499991.0,499987.0,499986.0,499984.0,499983.0,499981.0,499977.0,499974.0,499967.0,499963.0,499957.0,499949.0,499944.0,499933.0,499928.0,499915.0,499900.0,499892.0,499882.0,499872.0,499855.0,499848.0,499829.0,499805.0,499776.0,499742.0,499711.0,499679.0,499625.0,499569.0,499517.0,499449.0,499364.0,499288.0,499189.0,499073.0,498952.0,498811.0,498670.0,498494.0,498318.0,498124.0,497891.0,497626.0,497321.0,497012.0,496630.0,496207.0,495749.0,495229.0,494682.0,494015.0,493298.0,492438.0,491469.0,490401.0,489246.0,487923.0,486429.0,484810.0,482898.0,482183.0,481485.0,480842.0,480282.0,479769.0,479237.0,478813.0,478400.0,478049.0,477745.0,477475.0,477241.0,477020.0,476833.0,476668.0,476542.0,476422.0,476286.0,476196.0,476109.0,476033.0,475965.0,475908.0,475868.0,475832.0,475785.0,475762.0,475734.0,475708.0,475686.0,475654.0,475632.0,475614.0,475605.0
499995.0,499995.0,499992.0,499990.0,499988.0,499986.0,499984.0,499980.0,499974.0,499972.0,499970.0,499965.0,499955.0,499946.0,499936.0,499920.0,499908.0,499897.0,499884.0,499867.0,499846.0,499825.0,499795.0,499762.0,499718.0,499684.0,499648.0,499597.0,499550.0,499493.0,499419.0,499342.0,499253.0,499169.0,499053.0,498915.0,498774.0,498608.0,498430.0,498234.0,498005.0,497743.0,497410.0,497098.0,496748.0,496332.0,495875.0,495285.0,494726.0,494043.0,493260.0,492459.0,491544.0,490550.0,489402.0,488151.0,486718.0,485161.0,483329.0,481393.0,479191.0,476835.0,474114.0,471162.0,467875.0,464334.0,462979.0,461767.0,460577.0,459506.0,458427.0,457457.0,456634.0,455902.0,455253.0,454663.0,454179.0,453756.0,453384.0,453033.0,452768.0,452452.0,452245.0,452046.0,451873.0,451718.0,451590.0,451484.0,451373.0,451268.0,451185.0,451110.0,451050.0,450985.0,450931.0,450886.0,450848.0,450813.0,450785.0,450759.0
499995.0,499992.0,499989.0,499987.0,499985.0,499983.0,499982.0,499978.0,499975.0,499972.0,499966.0,499961.0,499957.0,499951.0,499946.0,499939.0,499927.0,499917.0,499907.0,499895.0,499884.0,499864.0,499849.0,499825.0,499799.0,499762.0,499735.0,499701.0,499665.0,499619.0,499571.0,499521.0,499467.0,499382.0,499299.0,499213.0,499118.0,499012.0,498903.0,498751.0,498591.0,498422.0,498233.0,498031.0,497814.0,497559.0,497252.0,496925.0,496534.0,496102.0,495625.0,495055.0,494490.0,493848.0,493095.0,492248.0,491316.0,490249.0,489040.0,487659.0,486154.0,484424.0,482535.0,480395.0,478000.0,475399.0,474482.0,473599.0,472815.0,472022.0,471264.0,470573.0,469947.0,469403.0,468928.0,468482.0,468078.0,467756.0,467474.0,467218.0,466985.0,466796.0,466627.0,466482.0,466342.0,466220.0,466115.0,466021.0,465952.0,465878.0,465809.0,465766.0,465721.0,465679.0,465640.0,465614.0,465574.0,465544.0,465508.0,465488.0
499995.0,499995.0,499995.0,499994.0,499994.0,499994.0,499994.0,499991.0,499990.0,499990.0,499988.0,499986.0,499984.0,499982.0,499977.0,499973.0,499970.0,499966.0,499962.0,499954.0,499949.0,499943.0,499938.0,499925.0,499917.0,499912.0,499896.0,499877.0,499859.0,499846.0,499820.0,499794.0,499766.0,499731.0,499698.0,499654.0,499601.0,499555.0,499494.0,499432.0,499360.0,499264.0,499161.0,499058.0,498926.0,498784.0,498611.0,498437.0,498225.0,497992.0,497729.0,497405.0,497077.0,496687.0,496283.0,495765.0,495226.0,494556.0,493897.0,493104.0,492225.0,491249.0,490101.0,488905.0,487533.0,486014.0,485441.0,484841.0,484250.0,483758.0,483278.0,482843.0,482430.0,482094.0,481784.0,481544.0,481258.0,481046.0,480842.0,480672.0,480522.0,480398.0,480279.0,480173.0,480068.0,479977.0,479904.0,479842.0,479778.0,479722.0,479673.0,479634.0,479603.0,479566.0,479535.0,479508.0,479473.0,479454.0,479437.0,479428.0
499995.0,499993.0,499993.0,499993.0,499992.0,499991.0,499989.0,499988.0,499985.0,499984.0,499979.0,499977.0,499974.0,499974.0,499971.0,499967.0,499960.0,499953.0,499945.0,499939.0,499932.0,499924.0,499918.0,499908.0,499890.0,499874.0,499855.0,499838.0,499817.0,499790.0,499752.0,499709.0,499662.0,499615.0,499560.0,499507.0,499424.0,499342.0,499250.0,499139.0,499011.0,498875.0,498735.0,498571.0,498374.0,498127.0,497851.0,497593.0,497282.0,496955.0,496566.0,496135.0,495651.0,495055.0,494431.0,493734.0,492932.0,492025.0,491008.0,489877.0,488604.0,487164.0,485570.0,483794.0,481807.0,479507.0,478687.0,477890.0,477128.0,476420.0,475753.0,475181.0,474660.0,474134.0,473720.0,473345.0,473010.0,472695.0,472439.0,472202.0,471992.0,471803.0,471644.0,471506.0,471382.0,471291.0,471201.0,471103.0,471015.0,470934.0,470876.0,470834.0,470793.0,470755.0,470724.0,470692.0,470657.0,470623.0,470596.0,470571.0
499995.0,499994.0,499992.0,499992.0,499991.0,499990.0,499987.0,499986.0,499983.0,499983.0,499983.0,499979.0,499975.0,499973.0,499963.0,499958.0,499952.0,499944.0,499934.0,499929.0,499917.0,499903.0,499889.0,499870.0,499854.0,499828.0,499807.0,499784.0,499763.0,499730.0,499689.0,499646.0,499590.0,499546.0,499490.0,499415.0,499348.0,499259.0,499146.0,499021.0,498886.0,498718.0,498550.0,498344.0,498095.0,497841.0,497516.0,497155.0,496765.0,496288.0,495787.0,495244.0,494573.0,493850.0,493053.0,492138.0,491114.0,489984.0,488661.0,487280.0,485718.0,483956.0,481916.0,479736.0,477357.0,474716.0,473749.0,472810.0,471900.0,471059.0,470272.0,469581.0,468994.0,468441.0,467931.0,467509.0,467132.0,466832.0,466546.0,466270.0,466052.0,465862.0,465695.0,465545.0,465404.0,465268.0,465149.0,465070.0,464978.0,464920.0,464855.0,464793.0,464742.0,464701.0,464659.0,464620.0,464592.0,464573.0,464552.0,464530.0
499995.0,499995.0,499993.0,499992.0,499991.0,499989.0,499985.0,499983.0,499983.0,499981.0,499981.0,499979.0,499977.0,499973.0,499967.0,499962.0,499958.0,499956.0,499952.0,499948.0,499943.0,499939.0,499934.0,499926.0,499913.0,499903.0,499895.0,499885.0,499877.0,499864.0,499853.0,499838.0,499820.0,499798.0,499773.0,499743.0,499718.0,499685.0,499647.0,499607.0,499562.0,499506.0,499450.0,499404.0,499346.0,499283.0,499196.0,499104.0,498991.0,498866.0,498744.0,498603.0,498435.0,498228.0,498003.0,497761.0,497479.0,497171.0,496828.0,496460.0,496020.0,495563.0,495025.0,494388.0,493701.0,492995.0,492745.0,492476.0,492227.0,491997.0,491804.0,491621.0,491433.0,491273.0,491114.0,490988.0,490874.0,490761.0,490690.0,490598.0,490533.0,490471.0,490425.0,490376.0,490328.0,490298.0,490266.0,490241.0,490215.0,490182.0,490167.0,490144.0,490132.0,490121.0,490113.0,490093.0,490082.0,490075.0,490070.0,490062.0
499995.0,499995.0,499995.0,499993.0,499991.0,499990.0,499988.0,499987.0,499987.0,499987.0,499986.0,499983.0,499981.0,499980.0,499978.0,499977.0,499976.0,499973.0,499972.0,499969.0,499968.0,499967.0,499962.0,499959.0,499957.0,499954.0,499951.0,499946.0,499941.0,499932.0,499930.0,499927.0,499922.0,499914.0,499904.0,499895.0,499884.0,499875.0,499862.0,499850.0,499836.0,499813.0,499801.0,499775.0,499758.0,499731.0,499709.0,499688.0,499652.0,499604.0,499560.0,499504.0,499448.0,499378.0,499319.0,499243.0,499166.0,499064.0,498941.0,498817.0,498685.0,498524.0,498325.0,498096.0,497848.0,497574.0,497496.0,497393.0,497294.0,497196.0,497113.0,497040.0,496974.0,496909.0,496849.0,496798.0,496740.0,496702.0,496660.0,496626.0,496601.0,496573.0,496548.0,496525.0,496503.0,496486.0,496471.0,496454.0,496445.0,496436.0,496428.0,496417.0,496408.0,496405.0,496400.0,496393.0,496384.0,496378.0,496376.0,496375.0
499995.0,499994.0,499993.0,499993.0,499991.0,499988.0,499985.0,499983.0,499978.0,499974.0,499971.0,499966.0,499961.0,499954.0,499946.0,499934.0,499921.0,499904.0,499890.0,499874.0,499858.0,499838.0,499818.0,499795.0,499770.0,499739.0,499695.0,499643.0,499592.0,499539.0,499485.0,499415.0,499326.0,499227.0,499121.0,499007.0,498873.0,498735.0,498571.0,498372.0,498170.0,497945.0,497704.0,497376.0,497055.0,496668.0,496255.0,495773.0,495244.0,494663.0,494018.0,493263.0,492379.0,491461.0,490424.0,489253.0,487964.0,486547.0,484991.0,483157.0,481149.0,478933.0,476479.0,473651.0,470695.0,467400.0,466202.0,465076.0,463921.0,462893.0,461926.0,461109.0,460340.0,459623.0,459050.0,458562.0,458114.0,457687.0,457341.0,457024.0,456759.0,456526.0,456328.0,456157.0,455997.0,455855.0,455716.0,455603.0,455515.0,455445.0,455376.0,455310.0,455241.0,455198.0,455146.0,455094.0,455062.0,455031.0,455011.0,454985.0
499995.0,499993.0,499992.0,499990.0,499988.0,499987.0,499987.0,499982.0,499982.0,499979.0,499978.0,499977.0,499974.0,499972.0,499968.0,499966.0,499960.0,499951.0,499942.0,499934.0,499922.0,499905.0,499896.0,499886.0,499879.0,499864.0,499840.0,499814.0,499795.0,499769.0,499742.0,499709.0,499666.0,499625.0,499566.0,499512.0,499465.0,499407.0,499333.0,499258.0,499167.0,499058.0,498951.0,498821.0,498665.0,498503.0,498282.0,498049.0,497795.0,497509.0,497176.0,496805.0,496384.0,495917.0,495395.0,494795.0,494121.0,493349.0,492546.0,491603.0,490516.0,489324.0,487986.0,486484.0,484870.0,483053.0,482352.0,481704.0,481097.0,480537.0,480011.0,479515.0,479049.0,478687.0,478355.0,478082.0,477831.0,477603.0,477390.0,477237.0,477063.0,476925.0,476791.0,476679.0,476579.0,476485.0,476419.0,476349.0,476296.0,476239.0,476199.0,476157.0,476102.0,476064.0,476031.0,475999.0,475963.0,475932.0,475913.0,475896.0
499995.0,499994.0,499994.0,499994.0,499994.0,499994.0,499994.0,499994.0,499994.0,499993.0,499992.0,499992.0,499992.0,499992.0,499991.0,499991.0,499991.0,499990.0,499990.0,499990.0,499990.0,499990.0,499990.0,499990.0,499990.0,499990.0,499990.0,499990.0,499990.0,499990.0,499990.0,499990.0,499990.0,499990.0,499990.0,499990.0,499990.0,499990.0,499990.0,499990.0,499990.0,499990.0,499990.0,499990.0,499990.0,499990.0,499990.0,499990.0,499990.0,499990.0,499990.0,499990.0,499990.0,499990.0,499990.0,499990.0,499990.0,499990.0,499990.0,499990.0,499990.0,499990.0,499990.0,499990.0,499990.0,499990.0,499990.0,499990.0,499990.0,499990.0,499990.0,499990.0,499990.0,499990.0,499990.0,499990.0,499990.0,499990.0,499990.0,499990.0,499990.0,499990.0,499990.0,499990.0,499990.0,499990.0,499990.0,499990.0,499990.0,499990.0,499990.0,499990.0,499990.0,499990.0,499990.0,499990.0,499990.0,499990.0,499990.0,499990.0
499995.0,499995.0,499994.0,499990.0,499986.0,499986.0,499985.0,499983.0,499982.0,499979.0,499976.0,499973.0,499970.0,499965.0,499961.0,499954.0,499950.0,499948.0,499940.0,499928.0,499924.0,499910.0,499899.0,499881.0,499867.0,499855.0,499837.0,499817.0,499785.0,499759.0,499735.0,499693.0,499638.0,499592.0,499547.0,499489.0,499422.0,499338.0,499258.0,499156.0,499034.0,498922.0,498764.0,498598.0,498420.0,498189.0,497981.0,497746.0,497461.0,497146.0,496781.0,496352.0,495938.0,495488.0,494922.0,494294.0,493570.0,492797.0,491856.0,490857.0,489739.0,488494.0,487083.0,485552.0,483872.0,481975.0,481236.0,480596.0,479931.0,479301.0,478747.0,478231.0,477771.0,477377.0,476969.0,476641.0,476353.0,476093.0,475879.0,475670.0,475497.0,475344.0,475219.0,475098.0,475000.0,474893.0,474806.0,474735.0,474667.0,474611.0,474566.0,474514.0,474480.0,474450.0,474422.0,474406.0,474376.0,474351.0,474332.0,474317.0
499995.0,499994.0,499994.0,499994.0,499994.0,499993.0,499993.0,499993.0,499993.0,499993.0,499992.0,499991.0,499991.0,499991.0,499991.0,499991.0,499991.0,499990.0,499990.0,499990.0,499990.0,499989.0,499989.0,499989.0,499989.0,499989.0,499989.0,499989.0,499989.0,499989.0,499989.0,499989.0,499989.0,499989.0,499989.0,499989.0,499989.0,499989.0,499989.0,499989.0,499989.0,499989.0,499989.0,499989.0,499989.0,499989.0,499989.0,499989.0,499989.0,499989.0,499989.0,499989.0,499989.0,499989.0,499989.0,499989.0,499989.0,499989.0,499989.0,499989.0,499989.0,499989.0,499989.0,499989.0,499989.0,499989.0,499989.0,499989.0,499989.0,499989.0,499989.0,499989.0,499989.0,499989.0,499989.0,499989.0,499989.0,499989.0,499989.0,499989.0,499989.0,499989.0,499989.0,499989.0,499989.0,499989.0,499989.0,499989.0,499989.0,499989.0,499989.0,499989.0,499989.0,499989.0,499989.0,499989.0,499989.0,499989.0,499989.0,499989.0
499995.0,499994.0,499994.0,499994.0,499994.0,499994.0,499992.0,499990.0,499990.0,499990.0,499990.0,499989.0,499989.0,499988.0,499986.0,499986.0,499986.0,499986.0,499986.0,499985.0,499985.0,499985.0,499985.0,499984.0,499984.0,499983.0,499983.0,499982.0,499981.0,499981.0,499981.0,499981.0,499980.0,499979.0,499979.0,499978.0,499977.0,499973.0,499970.0,499967.0,499965.0,499964.0,499962.0,499954.0,499949.0,499943.0,499939.0,499933.0,499923.0,499916.0,499906.0,499897.0,499889.0,499870.0,499849.0,499830.0,499815.0,499793.0,499767.0,499733.0,499690.0,499642.0,499594.0,499543.0,499483.0,499419.0,499401.0,499384.0,499365.0,499348.0,499324.0,499308.0,499294.0,499269.0,499258.0,499239.0,499223.0,499217.0,499208.0,499196.0,499190.0,499182.0,499179.0,499174.0,499170.0,499162.0,499157.0,499152.0,499151.0,499148.0,499146.0,499142.0,499141.0,499137.0,499137.0,499137.0,499136.0,499136.0,499136.0,499136.0
499995.0,499995.0,499995.0,499994.0,499992.0,499991.0,499990.0,499987.0,499985.0,499985.0,499984.0,499979.0,499975.0,499971.0,499966.0,499964.0,499958.0,499954.0,499951.0,499940.0,499931.0,499920.0,499914.0,499901.0,499884.0,499863.0,499851.0,499839.0,499816.0,499792.0,499766.0,499750.0,499720.0,499689.0,499655.0,499605.0,499558.0,499497.0,499435.0,499376.0,499298.0,499202.0,499087.0,498979.0,498834.0,498704.0,498545.0,498355.0,498154.0,497943.0,497691.0,497386.0,497058.0,496667.0,496234.0,495754.0,495214.0,494575.0,493918.0,493137.0,492246.0,491271.0,490183.0,488942.0,487545.0,485958.0,485414.0,484829.0,484273.0,483752.0,483290.0,482863.0,482443.0,482135.0,481818.0,481538.0,481314.0,481138.0,480950.0,480789.0,480637.0,480517.0,480405.0,480310.0,480217.0,480137.0,480077.0,480017.0,479961.0,479918.0,479887.0,479857.0,479817.0,479789.0,479765.0,479738.0,479721.0,479705.0,479696.0,479679.0
499995.0,499994.0,499991.0,499991.0,499989.0,499986.0,499983.0,499980.0,499977.0,499973.0,499972.0,499968.0,499962.0,499960.0,499956.0,499951.0,499942.0,499940.0,499933.0,499922.0,499908.0,499900.0,499885.0,499867.0,499845.0,499828.0,499813.0,499791.0,499770.0,499750.0,499720.0,499686.0,499655.0,499608.0,499556.0,499505.0,499455.0,499378.0,499303.0,499212.0,499122.0,499022.0,498904.0,498765.0,498610.0,498420.0,498192.0,497981.0,497703.0,497390.0,497061.0,496695.0,496276.0,495750.0,495191.0,494614.0,493893.0,493134.0,492291.0,491346.0,490271.0,489106.0,487768.0,486246.0,484638.0,482784.0,482083.0,481410.0,480766.0,480223.0,479660.0,479170.0,478681.0,478260.0,477881.0,477567.0,477295.0,477062.0,476858.0,476676.0,476525.0,476395.0,476274.0,476187.0,476092.0,476019.0,475943.0,475875.0,475819.0,475767.0,475716.0,475672.0,475632.0,475595.0,475563.0,475538.0,475519.0,475502.0,475488.0,475477.0
499995.0,499994.0,499994.0,499994.0,499993.0,499991.0,499988.0,499986.0,499981.0,499979.0,499976.0,499973.0,499969.0,499963.0,499955.0,499945.0,499940.0,499931.0,499920.0,499907.0,499897.0,499881.0,499871.0,499852.0,499830.0,499806.0,499779.0,499761.0,499738.0,499710.0,499679.0,499649.0,499614.0,499561.0,499515.0,499462.0,499409.0,499337.0,499274.0,499189.0,499102.0,498988.0,498867.0,498715.0,498554.0,498364.0,498158.0,497926.0,497675.0,497380.0,497091.0,496706.0,496330.0,495869.0,495317.0,494674.0,494031.0,493286.0,492452.0,491460.0,490370.0,489186.0,487826.0,486328.0,484610.0,482683.0,482007.0,481337.0,480692.0,480087.0,479513.0,478982.0,478493.0,478082.0,477717.0,477398.0,477103.0,476854.0,476625.0,476426.0,476246.0,476089.0,475946.0,475818.0,475723.0,475633.0,475565.0,475497.0,475447.0,475402.0,475348.0,475306.0,475271.0,475237.0,475213.0,475188.0,475177.0,475160.0,475141.0,475127.0
499995.0,499992.0,499991.0,499989.0,499988.0,499987.0,499987.0,499985.0,499981.0,499978.0,499973.0,499972.0,499969.0,499967.0,499962.0,499959.0,499953.0,499946.0,499935.0,499930.0,499917.0,499900.0,499884.0,499870.0,499854.0,499833.0,499817.0,499795.0,499768.0,499737.0,499696.0,499658.0,499615.0,499566.0,499508.0,499448.0,499363.0,499269.0,499163.0,499062.0,498936.0,498791.0,498616.0,498450.0,498247.0,498010.0,497760.0,497497.0,497194.0,496866.0,496449.0,495993.0,495492.0,494887.0,494194.0,493458.0,492641.0,491739.0,490658.0,489533.0,488128.0,486695.0,485035.0,483246.0,481144.0,478867.0,478009.0,477223.0,476447.0,475686.0,475032.0,474427.0,473872.0,473405.0,472921.0,472540.0,472190.0,471910.0,471661.0,471430.0,471211.0,471033.0,470865.0,470725.0,470604.0,470482.0,470394.0,470315.0,470250.0,470185.0,470128.0,470083.0,470038.0,469994.0,469966.0,469929.0,469911.0,469892.0,469876.0,469855.0
499995.0,499993.0,499993.0,499992.0,499992.0,499992.0,499991.0,499987.0,499984.0,499984.0,499981.0,499977.0,499971.0,499965.0,499963.0,499961.0,499955.0,499949.0,499945.0,499935.0,499923.0,499913.0,499899.0,499884.0,499866.0,499855.0,499842.0,499820.0,499801.0,499772.0,499739.0,499707.0,499676.0,499637.0,499592.0,499534.0,499458.0,499370.0,499270.0,499159.0,499044.0,498906.0,498758.0,498592.0,498399.0,498156.0,497884.0,497603.0,497245.0,496879.0,496482.0,496006.0,495496.0,494914.0,494281.0,493601.0,492780.0,491813.0,490783.0,489601.0,488295.0,486797.0,485080.0,483215.0,481173.0,478940.0,478099.0,477322.0,476545.0,475844.0,475156.0,474530.0,473939.0,473440.0,473020.0,472625.0,472302.0,472025.0,471745.0,471525.0,471324.0,471169.0,471010.0,470872.0,470760.0,470655.0,470556.0,470481.0,470420.0,470356.0,470283.0,470227.0,470178.0,470126.0,470085.0,470052.0,470031.0,469997.0,469973.0,469957.0
499995.0,499994.0,499993.0,499993.0,499992.0,499990.0,499989.0,499987.0,499984.0,499984.0,499983.0,499982.0,499980.0,499979.0,499975.0,499971.0,499965.0,499964.0,499961.0,499958.0,499952.0,499948.0,499938.0,499927.0,499912.0,499897.0,499879.0,499861.0,499842.0,499826.0,499809.0,499777.0,499748.0,499707.0,499664.0,499616.0,499575.0,499520.0,499450.0,499381.0,499292.0,499198.0,499104.0,498993.0,498863.0,498704.0,498545.0,498335.0,498114.0,497864.0,497607.0,497314.0,496951.0,496532.0,496074.0,495596.0,495028.0,494393.0,493672.0,492880.0,491953.0,490937.0,489806.0,488512.0,487035.0,485405.0,484833.0,484273.0,483738.0,483191.0,482720.0,482307.0,481896.0,481531.0,481189.0,480927.0,480703.0,480499.0,480320.0,480157.0,480002.0,479860.0,479730.0,479627.0,479544.0,479463.0,479397.0,479338.0,479281.0,479232.0,479186.0,479146.0,479108.0,479075.0,479044.0,479027.0,479010.0,478983.0,478971.0,478953.0
499995.0,499995.0,499995.0,499994.0,499991.0,499991.0,499990.0,499988.0,499984.0,499979.0,499974.0,499972.0,499969.0,499963.0,499957.0,499949.0,499941.0,499931.0,499924.0,499915.0,499905.0,499891.0,499880.0,499861.0,499845.0,499818.0,499805.0,499776.0,499751.0,499715.0,499684.0,499641.0,499589.0,499533.0,499464.0,499391.0,499302.0,499192.0,499068.0,498926.0,498772.0,498627.0,498423.0,498217.0,497929.0,497662.0,497346.0,497023.0,496602.0,496171.0,495622.0,495030.0,494387.0,493651.0,492824.0,491846.0,490804.0,489647.0,488369.0,486866.0,485140.0,483337.0,481215.0,478902.0,476322.0,473487.0,472412.0,471431.0,470469.0,469579.0,468757.0,467986.0,467297.0,466681.0,466161.0,465627.0,465234.0,464881.0,464570.0,464264.0,463989.0,463779.0,463575.0,463387.0,463224.0,463094.0,462982.0,462870.0,462784.0,462722.0,462635.0,462583.0,462537.0,462499.0,462468.0,462433.0,462397.0,462371.0,462348.0,462332.0
499995.0,499995.0,499994.0,499993.0,499993.0,499993.0,499992.0,499991.0,499988.0,499987.0,499986.0,499985.0,499981.0,499978.0,499975.0,499974.0,499971.0,499971.0,499970.0,499967.0,499964.0,499958.0,499951.0,499946.0,499944.0,499941.0,499937.0,499924.0,499915.0,499903.0,499894.0,499887.0,499877.0,499867.0,499848.0,499835.0,499812.0,499802.0,499782.0,499760.0,499742.0,499710.0,499676.0,499632.0,499595.0,499546.0,499490.0,499405.0,499338.0,499255.0,499163.0,499071.0,498939.0,498797.0,498648.0,498468.0,498257.0,498020.0,497781.0,497539.0,497216.0,496863.0,496447.0,496000.0,495465.0,494860.0,494654.0,494432.0,494240.0,494056.0,493876.0,493711.0,493575.0,493431.0,493329.0,493232.0,493155.0,493072.0,492987.0,492923.0,492853.0,492798.0,492756.0,492711.0,492664.0,492635.0,492606.0,492581.0,492560.0,492534.0,492519.0,492509.0,492493.0,492482.0,492468.0,492453.0,492449.0,492440.0,492433.0,492422.0
499995.0,499995.0,499994.0,499992.0,499987.0,499985.0,499981.0,499979.0,499975.0,499969.0,499963.0,499953.0,499947.0,499939.0,499932.0,499923.0,499910.0,499893.0,499874.0,499852.0,499833.0,499804.0,499773.0,499753.0,499718.0,499679.0,499628.0,499589.0,499539.0,499479.0,499411.0,499333.0,499241.0,499143.0,499027.0,498890.0,498762.0,498591.0,498395.0,498200.0,497957.0,497695.0,497415.0,497077.0,496712.0,496313.0,495842.0,495354.0,494770.0,494138.0,493423.0,492621.0,491715.0,490703.0,489577.0,488356.0,486928.0,485365.0,483578.0,481688.0,479521.0,477068.0,474343.0,471440.0,468110.0,464620.0,463376.0,462160.0,460989.0,459869.0,458852.0,457951.0,457134.0,456358.0,455711.0,455161.0,454715.0,454275.0,453886.0,453534.0,453239.0,452978.0,452752.0,452540.0,452364.0,452207.0,452084.0,451962.0,451843.0,451740.0,451675.0,451601.0,451531.0,451482.0,451429.0,451379.0,451340.0,451304.0,451269.0,451254.0
499995.0,499994.0,499994.0,499993.0,499993.0,499992.0,499988.0,499988.0,499986.0,499984.0,499980.0,499973.0,499970.0,499963.0,499952.0,499949.0,499931.0,499919.0,499910.0,499893.0,499869.0,499851.0,499832.0,499797.0,499773.0,499744.0,499715.0,499679.0,499628.0,499579.0,499507.0,499431.0,499374.0,499293.0,499204.0,499099.0,498974.0,498839.0,498676.0,498513.0,498312.0,498101.0,497850.0,497565.0,497239.0,496874.0,496435.0,495933.0,495381.0,494759.0,494049.0,493279.0,492331.0,491370.0,490219.0,488938.0,487591.0,486072.0,484349.0,482476.0,480345.0,478009.0,475371.0,472511.0,469399.0,465958.0,464714.0,463494.0,462333.0,461257.0,460211.0,459256.0,458435.0,457703.0,457067.0,456535.0,456039.0,455601.0,455260.0,454926.0,454648.0,454406.0,454208.0,453986.0,453814.0,453656.0,453533.0,453432.0,453346.0,453266.0,453192.0,453129.0,453072.0,453021.0,452971.0,452920.0,452884.0,452855.0,452822.0,452805.0
499995.0,499994.0,499993.0,499993.0,499991.0,499989.0,499986.0,499983.0,499980.0,499975.0,499968.0,499965.0,499964.0,499954.0,499946.0,499939.0,499930.0,499919.0,499910.0,499899.0,499885.0,499869.0,499859.0,499847.0,499821.0,499797.0,499768.0,499743.0,499711.0,499681.0,499634.0,499585.0,499537.0,499477.0,499420.0,499341.0,499266.0,499174.0,499083.0,498978.0,498844.0,498691.0,498512.0,498321.0,498109.0,497889.0,497632.0,497331.0,496979.0,496585.0,496165.0,495670.0,495143.0,494586.0,493924.0,493171.0,492351.0,491438.0,490393.0,489195.0,487968.0,486528.0,484893.0,483063.0,481077.0,478835.0,477984.0,477217.0,476423.0,475736.0,475116.0,474564.0,474017.0,473551.0,473141.0,472806.0,472459.0,472182.0,471935.0,471732.0,471517.0,471336.0,471176.0,471040.0,470915.0,470814.0,470725.0,470651.0,470589.0,470513.0,470453.0,470407.0,470366.0,470328.0,470297.0,470271.0,470249.0,470217.0,470197.0,470177.0
499995.0,499995.0,499994.0,499991.0,499988.0,499982.0,499977.0,499971.0,499962.0,499956.0,499950.0,499943.0,499934.0,499924.0,499911.0,499899.0,499880.0,499863.0,499841.0,499824.0,499808.0,499785.0,499763.0,499732.0,499702.0,499675.0,499630.0,499583.0,499533.0,499473.0,499410.0,499329.0,499261.0,499156.0,499043.0,498927.0,498802.0,498650.0,498480.0,498294.0,498068.0,497793.0,497501.0,497166.0,496805.0,496385.0,495886.0,495379.0,494792.0,494094.0,493375.0,492502.0,491575.0,490490.0,489298.0,487954.0,486434.0,484838.0,483010.0,480878.0,478526.0,475846.0,472945.0,469858.0,466487.0,462739.0,461334.0,460052.0,458830.0,457638.0,456569.0,455619.0,454809.0,454013.0,453307.0,452693.0,452199.0,451724.0,451337.0,450984.0,450675.0,450407.0,450176.0,450006.0,449820.0,449665.0,449535.0,449415.0,449303.0,449210.0,449134.0,449070.0,449015.0,448940.0,448896.0,448848.0,448811.0,448775.0,448749.0,448724.0
499995.0,499995.0,499994.0,499994.0,499994.0,499994.0,499994.0,499993.0,499991.0,499990.0,499989.0,499986.0,499983.0,499978.0,499975.0,499969.0,499968.0,499962.0,499957.0,499953.0,499945.0,499935.0,499924.0,499914.0,499903.0,499888.0,499868.0,499848.0,499822.0,499794.0,499767.0,499741.0,499706.0,499675.0,499633.0,499587.0,499543.0,499487.0,499415.0,499344.0,499269.0,499173.0,499072.0,498949.0,498800.0,498644.0,498474.0,498308.0,498069.0,497811.0,497528.0,497196.0,496820.0,496415.0,495947.0,495416.0,494779.0,494068.0,493365.0,492495.0,491538.0,490427.0,489233.0,487936.0,486457.0,484737.0,484121.0,483512.0,482949.0,482423.0,481891.0,481455.0,481065.0,480700.0,480367.0,480037.0,479804.0,479582.0,479373.0,479152.0,478963.0,478834.0,478695.0,478584.0,478495.0,478404.0,478349.0,478283.0,478223.0,478157.0,478092.0,478055.0,478018.0,477980.0,477960.0,477939.0,477913.0,477881.0,477852.0,477831.0
499995.0,499995.0,499993.0,499993.0,499992.0,499991.0,499991.0,499989.0,499985.0,499980.0,499978.0,499975.0,499970.0,499962.0,499959.0,499953.0,499947.0,499943.0,499933.0,499920.0,499907.0,499892.0,499869.0,499850.0,499823.0,499795.0,499760.0,499727.0,499694.0,499654.0,499589.0,499522.0,499449.0,499370.0,499271.0,499167.0,499056.0,498911.0,498757.0,498605.0,498405.0,498200.0,497974.0,497715.0,497407.0,497066.0,496671.0,496182.0,495666.0,495112.0,494411.0,493710.0,492901.0,491961.0,490939.0,489809.0,488544.0,487125.0,485479.0,483709.0,481622.0,479333.0,476955.0,474219.0,471171.0,467889.0,466708.0,465565.0,464508.0,463520.0,462587.0,461808.0,461043.0,460383.0,459795.0,459306.0,458843.0,458444.0,458089.0,457759.0,457486.0,457245.0,457072.0,456907.0,456771.0,456646.0,456537.0,456416.0,456326.0,456236.0,456151.0,456090.0,456043.0,455999.0,455953.0,455906.0,455870.0,455837.0,455810.0,455784.0
499995.0,499994.0,499993.0,499992.0,499992.0,499991.0,499990.0,499989.0,499988.0,499986.0,499982.0,499978.0,499973.0,499968.0,499963.0,499960.0,499957.0,499951.0,499944.0,499931.0,499922.0,499911.0,499906.0,499893.0,499881.0,499864.0,499855.0,499834.0,499821.0,499792.0,499773.0,499740.0,499714.0,499680.0,499646.0,499601.0,499548.0,499479.0,499426.0,499357.0,499274.0,499169.0,499075.0,498948.0,498816.0,498681.0,498531.0,498328.0,498112.0,497860.0,497587.0,497301.0,496948.0,496590.0,496145.0,495681.0,495136.0,494509.0,493788.0,492956.0,492093.0,491124.0,490021.0,488786.0,487447.0,485904.0,485352.0,484800.0,484268.0,483767.0,483307.0,482910.0,482549.0,482216.0,481930.0,481672.0,481440.0,481252.0,481095.0,480949.0,480805.0,480676.0,480549.0,480464.0,480398.0,480321.0,480256.0,480203.0,480152.0,480100.0,480061.0,480011.0,479983.0,479949.0,479925.0,479908.0,479891.0,479872.0,479852.0,479836.0
499995.0,499994.0,499992.0,499990.0,499990.0,499987.0,499983.0,499980.0,499977.0,499975.0,499971.0,499966.0,499965.0,499958.0,499954.0,499944.0,499934.0,499921.0,499911.0,499895.0,499888.0,499870.0,499856.0,499839.0,499819.0,499792.0,499762.0,499732.0,499695.0,499663.0,499622.0,499577.0,499521.0,499464.0,499390.0,499309.0,499209.0,499091.0,498983.0,498815.0,498656.0,498486.0,498296.0,498087.0,497829.0,497554.0,497246.0,496879.0,496486.0,496021.0,495509.0,494958.0,494350.0,493663.0,492908.0,492028.0,490994.0,489863.0,488600.0,487246.0,485705.0,483960.0,482046.0,479884.0,477536.0,474900.0,473930.0,472994.0,472140.0,471329.0,470585.0,469934.0,469341.0,468829.0,468297.0,467873.0,467493.0,467152.0,466841.0,466588.0,466399.0,466193.0,466005.0,465851.0,465718.0,465606.0,465514.0,465419.0,465338.0,465270.0,465218.0,465170.0,465119.0,465079.0,465034.0,464994.0,464961.0,464935.0,464904.0,464880.0
499995.0,499994.0,499993.0,499992.0,499991.0,499991.0,499990.0,499990.0,499990.0,499990.0,499990.0,499989.0,499988.0,499987.0,499984.0,499984.0,499983.0,499982.0,499981.0,499980.0,499980.0,499980.0,499980.0,499978.0,499975.0,499974.0,499974.0,499972.0,499969.0,499966.0,499966.0,499964.0,499958.0,499953.0,499950.0,499946.0,499937.0,499926.0,499916.0,499913.0,499904.0,499896.0,499875.0,499863.0,499848.0,499831.0,499807.0,499786.0,499768.0,499741.0,499711.0,499677.0,499631.0,499581.0,499530.0,499479.0,499421.0,499365.0,499289.0,499204.0,499097.0,498989.0,498877.0,498746.0,498573.0,498384.0,498303.0,498230.0,498177.0,498134.0,498063.0,498009.0,497959.0,497910.0,497872.0,497844.0,497820.0,497798.0,497778.0,497757.0,497735.0,497717.0,497701.0,497690.0,497682.0,497668.0,497661.0,497651.0,497648.0,497641.0,497633.0,497625.0,497620.0,497612.0,497609.0,497603.0,497598.0,497596.0,497592.0,497587.0
499995.0,499995.0,499992.0,499991.0,499991.0,499990.0,499990.0,499988.0,499988.0,499987.0,499985.0,499983.0,499983.0,499980.0,499978.0,499976.0,499972.0,499968.0,499964.0,499956.0,499948.0,499931.0,499921.0,499910.0,499895.0,499877.0,499856.0,499823.0,499793.0,499745.0,499698.0,499648.0,499592.0,499526.0,499451.0,499360.0,499266.0,499169.0,499064.0,498940.0,498813.0,498646.0,498462.0,498235.0,497982.0,497722.0,497390.0,497033.0,496623.0,496136.0,495559.0,494943.0,494273.0,493482.0,492598.0,491606.0,490514.0,489284.0,487906.0,486341.0,484657.0,482798.0,480766.0,478456.0,475879.0,473089.0,472058.0,471046.0,470079.0,469193.0,468335.0,467607.0,466928.0,466359.0,465816.0,465342.0,464922.0,464590.0,464334.0,464064.0,463838.0,463630.0,463451.0,463283.0,463133.0,462993.0,462889.0,462796.0,462710.0,462649.0,462579.0,462514.0,462449.0,462413.0,462369.0,462325.0,462293.0,462268.0,462245.0,462218.0
499995.0,499994.0,499993.0,499992.0,499991.0,499989.0,499987.0,499985.0,499982.0,499981.0,499976.0,499973.0,499972.0,499966.0,499958.0,499953.0,499944.0,499936.0,499931.0,499923.0,499915.0,499909.0,499888.0,499877.0,499861.0,499838.0,499816.0,499792.0,499768.0,499741.0,499716.0,499667.0,499638.0,499593.0,499530.0,499479.0,499413.0,499343.0,499262.0,499163.0,499068.0,498954.0,498833.0,498689.0,498526.0,498330.0,498140.0,497894.0,497623.0,497319.0,496983.0,496588.0,496144.0,495578.0,495003.0,494368.0,493635.0,492746.0,491787.0,490752.0,489584.0,488283.0,486785.0,485083.0,483245.0,481129.0,480350.0,479600.0,478934.0,478275.0,477671.0,477107.0,476636.0,476186.0,475791.0,475430.0,475164.0,474894.0,474668.0,474476.0,474290.0,474129.0,473974.0,473836.0,473721.0,473625.0,473536.0,473461.0,473400.0,473347.0,473295.0,473253.0,473206.0,473183.0,473152.0,473124.0,473100.0,473082.0,473067.0,473050.0
499995.0,499995.0,499995.0,499994.0,499992.0,499989.0,499986.0,499985.0,499983.0,499981.0,499974.0,499968.0,499966.0,499963.0,499958.0,499951.0,499943.0,499933.0,499925.0,499920.0,499912.0,499902.0,499878.0,499855.0,499840.0,499819.0,499798.0,499768.0,499733.0,499701.0,499653.0,499605.0,499557.0,499504.0,499430.0,499362.0,499292.0,499217.0,499118.0,499008.0,498874.0,498734.0,498560.0,498377.0,498162.0,497913.0,497650.0,497371.0,497025.0,496671.0,496254.0,495774.0,495236.0,494631.0,493949.0,493223.0,492421.0,491516.0,490468.0,489375.0,488087.0,486599.0,484893.0,483061.0,481059.0,478735.0,477894.0,477111.0,476358.0,475622.0,474962.0,474382.0,473841.0,473378.0,472963.0,472604.0,472310.0,472051.0,471818.0,471597.0,471416.0,471241.0,471090.0,470965.0,470845.0,470734.0,470656.0,470572.0,470494.0,470431.0,470376.0,470324.0,470282.0,470233.0,470200.0,470173.0,470150.0,470125.0,470107.0,470089.0
499995.0,499994.0,499994.0,499993.0,499991.0,499989.0,499988.0,499986.0,499985.0,499982.0,499981.0,499979.0,499976.0,499972.0,499970.0,499970.0,499965.0,499959.0,499951.0,499948.0,499941.0,499934.0,499925.0,499913.0,499905.0,499890.0,499876.0,499857.0,499835.0,499809.0,499781.0,499753.0,499716.0,499679.0,499640.0,499594.0,499551.0,499488.0,499423.0,499337.0,499251.0,499175.0,499044.0,498934.0,498799.0,498627.0,498453.0,498273.0,498046.0,497821.0,497528.0,497193.0,496819.0,496405.0,495931.0,495385.0,494809.0,494132.0,493403.0,492552.0,491593.0,490521.0,489340.0,488028.0,486549.0,484894.0,484265.0,483706.0,483143.0,482608.0,482102.0,481634.0,481222.0,480869.0,480516.0,480215.0,479956.0,479734.0,479541.0,479357.0,479199.0,479063.0,478944.0,478812.0,478718.0,478627.0,478560.0,478500.0,478428.0,478375.0,478332.0,478289.0,478263.0,478237.0,478210.0,478185.0,478167.0,478149.0,478133.0,478118.0
499995.0,499992.0,499991.0,499990.0,499990.0,499986.0,499981.0,499978.0,499968.0,499964.0,499955.0,499949.0,499938.0,499926.0,499915.0,499902.0,499890.0,499873.0,499846.0,499816.0,499784.0,499748.0,499714.0,499675.0,499622.0,499562.0,499509.0,499429.0,499347.0,499260.0,499149.0,499030.0,498898.0,498759.0,498597.0,498378.0,498149.0,497913.0,497613.0,497300.0,496936.0,496544.0,496093.0,495579.0,495012.0,494409.0,493691.0,492824.0,491894.0,490864.0,489732.0,488504.0,487078.0,485499.0,483725.0,481754.0,479538.0,477156.0,474435.0,471558.0,468328.0,464686.0,460903.0,456677.0,452091.0,447075.0,445355.0,443682.0,442026.0,440522.0,439214.0,438069.0,437029.0,436057.0,435263.0,434573.0,433948.0,433374.0,432918.0,432496.0,432146.0,431820.0,431535.0,431302.0,431106.0,430923.0,430766.0,430630.0,430511.0,430412.0,430326.0,430248.0,430192.0,430138.0,430093.0,430050.0,430020.0,429983.0,429956.0,429933.0
499995.0,499995.0,499992.0,499992.0,499991.0,499991.0,499991.0,499989.0,499987.0,499985.0,499984.0,499983.0,499983.0,499980.0,499980.0,499977.0,499974.0,499973.0,499970.0,499967.0,499962.0,499955.0,499948.0,499943.0,499935.0,499926.0,499919.0,499910.0,499896.0,499884.0,499861.0,499842.0,499827.0,499813.0,499776.0,499734.0,499697.0,499656.0,499623.0,499571.0,499511.0,499435.0,499366.0,499272.0,499165.0,499046.0,498908.0,498756.0,498605.0,498382.0,498155.0,497904.0,497632.0,497304.0,496915.0,496477.0,495988.0,495449.0,494803.0,494076.0,493263.0,492287.0,491263.0,490131.0,488727.0,487213.0,486700.0,486179.0,485639.0,485171.0,484773.0,484367.0,483966.0,483637.0,483349.0,483066.0,482832.0,482638.0,482463.0,482302.0,482170.0,482044.0,481911.0,481818.0,481725.0,481649.0,481579.0,481523.0,481468.0,481426.0,481386.0,481347.0,481307.0,481282.0,481251.0,481235.0,481219.0,481204.0,481193.0,481179.0
499995.0,499995.0,499994.0,499992.0,499991.0,499990.0,499988.0,499986.0,499982.0,499980.0,499978.0,499973.0,499968.0,499963.0,499959.0,499956.0,499952.0,499946.0,499943.0,499933.0,499923.0,499916.0,499908.0,499896.0,499884.0,499868.0,499853.0,499835.0,499815.0,499788.0,499763.0,499739.0,499699.0,499664.0,499608.0,499553.0,499497.0,499432.0,499344.0,499256.0,499149.0,499020.0,498892.0,498752.0,498595.0,498412.0,498174.0,497940.0,497672.0,497359.0,497007.0,496608.0,496151.0,495652.0,495074.0,494432.0,493683.0,492858.0,491869.0,490815.0,489616.0,488341.0,486864.0,485198.0,483369.0,481278.0,480467.0,479684.0,478939.0,478256.0,477614.0,477066.0,476570.0,476086.0,475709.0,475347.0,475069.0,474827.0,474601.0,474395.0,474219.0,474067.0,473937.0,473804.0,473692.0,473608.0,473527.0,473442.0,473368.0,473294.0,473225.0,473184.0,473144.0,473104.0,473071.0,473034.0,472999.0,472968.0,472937.0,472919.0
499995.0,499995.0,499995.0,499994.0,499994.0,499993.0,499990.0,499987.0,499986.0,499984.0,499984.0,499983.0,499981.0,499979.0,499975.0,499972.0,499968.0,499964.0,499962.0,499958.0,499953.0,499948.0,499944.0,499935.0,499929.0,499918.0,499904.0,499896.0,499886.0,499869.0,499859.0,499848.0,499833.0,499814.0,499801.0,499782.0,499756.0,499727.0,499705.0,499663.0,499624.0,499579.0,499531.0,499485.0,499432.0,499356.0,499288.0,499190.0,499089.0,498977.0,498861.0,498704.0,498552.0,498390.0,498187.0,497955.0,497684.0,497395.0,497061.0,496693.0,496239.0,495772.0,495229.0,494580.0,493879.0,493068.0,492770.0,492460.0,492175.0,491887.0,491652.0,491423.0,491191.0,490992.0,490835.0,490671.0,490545.0,490412.0,490306.0,490196.0,490110.0,490039.0,489965.0,489914.0,489856.0,489809.0,489775.0,489744.0,489716.0,489693.0,489665.0,489635.0,489610.0,489584.0,489568.0,489553.0,489544.0,489533.0,489521.0,489517.0
