0.0,0.0,0.0,0.0,0.0,0.0,0.0,0.0,0.0,0.0,1.0,1.0,1.0,1.0,1.0,1.0,1.0,1.0,1.0,1.0,1.0,2.0,2.0,2.0,2.0,2.0,4.0,4.0,4.0,3.0,3.0,4.0,4.0,4.0,3.0,3.0,3.0,3.0,3.0,3.0,3.0,3.0,3.0,3.0,3.0,3.0,3.0,4.0,4.0,5.0,5.0,8.0,7.0,7.0,7.0,7.0,7.0,9.0,9.0,10.0,12.0,12.0,12.0,11.0,11.0,11.0,11.0,10.0,11.0,10.0,9.0,12.0,11.0,12.0,11.0,12.0,12.0,12.0,12.0,12.0,11.0,10.0,9.0,10.0
0.0,0.0,0.0,0.0,0.0,0.0,0.0,0.0,0.0,0.0,1.0,1.0,1.0,1.0,0.0,1.0,1.0,0.0,0.0,0.0,0.0,0.0,0.0,0.0,0.0,0.0,0.0,0.0,1.0,1.0,2.0,2.0,2.0,2.0,3.0,4.0,4.0,4.0,4.0,5.0,6.0,6.0,5.0,5.0,6.0,6.0,6.0,7.0,11.0,12.0,10.0,11.0,8.0,9.0,9.0,12.0,15.0,15.0,15.0,16.0,19.0,18.0,21.0,20.0,21.0,25.0,29.0,30.0,32.0,31.0,30.0,32.0,31.0,28.0,29.0,29.0,31.0,30.0,31.0,29.0,29.0,29.0,28.0,26.0
0.0,0.0,0.0,0.0,0.0,0.0,0.0,0.0,0.0,0.0,0.0,0.0,0.0,0.0,0.0,0.0,0.0,0.0,0.0,0.0,0.0,0.0,0.0,1.0,1.0,1.0,1.0,1.0,1.0,1.0,1.0,1.0,1.0,1.0,1.0,1.0,1.0,1.0,1.0,1.0,1.0,1.0,1.0,1.0,1.0,1.0,1.0,1.0,1.0,1.0,1.0,1.0,1.0,1.0,1.0,1.0,2.0,1.0,2.0,2.0,2.0,2.0,2.0,2.0,2.0,2.0,2.0,2.0,2.0,2.0,2.0,2.0,2.0,2.0,2.0,2.0,2.0,2.0,2.0,2.0,2.0,2.0,2.0,2.0
0.0,0.0,0.0,0.0,0.0,0.0,0.0,0.0,0.0,0.0,0.0,0.0,0.0,0.0,1.0,1.0,1.0,1.0,1.0,1.0,1.0,1.0,1.0,1.0,1.0,1.0,1.0,1.0,1.0,2.0,3.0,4.0,4.0,5.0,4.0,5.0,5.0,4.0,5.0,7.0,8.0,9.0,10.0,11.0,15.0,14.0,17.0,20.0,22.0,23.0,29.0,31.0,32.0,32.0,31.0,31.0,36.0,41.0,38.0,42.0,50.0,51.0,53.0,54.0,59.0,65.0,66.0,64.0,59.0,55.0,52.0,51.0,52.0,53.0,48.0,47.0,45.0,43.0,46.0,44.0,44.0,40.0,38.0,40.0
0.0,0.0,0.0,0.0,0.0,0.0,0.0,0.0,0.0,0.0,0.0,0.0,0.0,0.0,0.0,0.0,0.0,0.0,1.0,1.0,1.0,1.0,2.0,3.0,3.0,3.0,3.0,4.0,3.0,2.0,2.0,2.0,2.0,3.0,3.0,4.0,4.0,3.0,4.0,4.0,5.0,5.0,5.0,6.0,6.0,6.0,6.0,6.0,5.0,4.0,4.0,4.0,4.0,5.0,5.0,5.0,7.0,8.0,9.0,8.0,9.0,9.0,7.0,6.0,6.0,7.0,7.0,8.0,7.0,8.0,9.0,9.0,9.0,7.0,8.0,7.0,9.0,7.0,8.0,8.0,9.0,9.0,8.0,7.0
0.0,0.0,0.0,0.0,0.0,0.0,0.0,0.0,1.0,1.0,1.0,1.0,0.0,0.0,0.0,1.0,1.0,1.0,1.0,1.0,1.0,1.0,2.0,2.0,2.0,1.0,2.0,3.0,3.0,2.0,3.0,4.0,4.0,3.0,2.0,2.0,3.0,4.0,6.0,6.0,9.0,9.0,10.0,10.0,9.0,7.0,6.0,7.0,11.0,12.0,14.0,14.0,16.0,17.0,21.0,24.0,24.0,24.0,29.0,32.0,35.0,36.0,37.0,39.0,34.0,33.0,34.0,34.0,38.0,38.0,38.0,35.0,36.0,35.0,34.0,34.0,35.0,30.0,32.0,30.0,29.0,29.0,28.0,29.0
0.0,0.0,0.0,0.0,0.0,0.0,0.0,0.0,0.0,0.0,0.0,0.0,0.0,0.0,0.0,0.0,0.0,0.0,0.0,0.0,0.0,0.0,1.0,1.0,1.0,1.0,1.0,1.0,1.0,1.0,1.0,1.0,1.0,1.0,1.0,1.0,1.0,2.0,1.0,2.0,2.0,2.0,2.0,2.0,2.0,2.0,2.0,1.0,3.0,3.0,4.0,4.0,3.0,5.0,6.0,6.0,8.0,11.0,10.0,10.0,11.0,11.0,10.0,9.0,9.0,10.0,9.0,7.0,8.0,6.0,6.0,6.0,4.0,4.0,4.0,4.0,4.0,6.0,6.0,5.0,4.0,4.0,4.0,3.0
0.0,0.0,0.0,0.0,0.0,0.0,0.0,0.0,0.0,0.0,0.0,0.0,0.0,0.0,0.0,0.0,0.0,0.0,0.0,0.0,0.0,0.0,0.0,0.0,0.0,0.0,0.0,0.0,0.0,0.0,0.0,0.0,0.0,0.0,0.0,0.0,0.0,0.0,0.0,0.0,0.0,0.0,1.0,1.0,1.0,1.0,1.0,1.0,1.0,1.0,2.0,3.0,3.0,2.0,2.0,2.0,2.0,2.0,3.0,3.0,2.0,2.0,2.0,3.0,2.0,2.0,3.0,4.0,5.0,5.0,6.0,6.0,6.0,5.0,5.0,4.0,4.0,4.0,4.0,4.0,4.0,4.0,4.0,4.0
0.0,0.0,0.0,0.0,0.0,0.0,0.0,0.0,0.0,0.0,0.0,0.0,0.0,0.0,0.0,1.0,1.0,1.0,1.0,1.0,1.0,1.0,1.0,0.0,0.0,0.0,0.0,0.0,0.0,0.0,0.0,0.0,0.0,0.0,0.0,1.0,1.0,1.0,0.0,0.0,0.0,0.0,0.0,0.0,0.0,0.0,1.0,1.0,1.0,1.0,1.0,1.0,1.0,1.0,2.0,3.0,3.0,3.0,4.0,4.0,4.0,5.0,5.0,4.0,4.0,3.0,4.0,4.0,4.0,4.0,4.0,4.0,4.0,4.0,4.0,5.0,5.0,5.0,5.0,5.0,5.0,5.0,5.0,7.0
0.0,0.0,0.0,0.0,0.0,0.0,0.0,0.0,0.0,0.0,0.0,0.0,0.0,0.0,0.0,0.0,0.0,0.0,0.0,0.0,0.0,0.0,0.0,0.0,1.0,1.0,1.0,1.0,1.0,1.0,1.0,1.0,1.0,1.0,1.0,1.0,1.0,1.0,0.0,0.0,0.0,0.0,0.0,0.0,0.0,0.0,0.0,0.0,0.0,0.0,0.0,0.0,0.0,0.0,0.0,0.0,0.0,0.0,0.0,0.0,0.0,0.0,0.0,0.0,0.0,0.0,0.0,0.0,0.0,0.0,0.0,0.0,0.0,0.0,0.0,0.0,0.0,0.0,0.0,0.0,0.0,0.0,0.0,0.0
0.0,0.0,0.0,0.0,0.0,0.0,0.0,0.0,0.0,0.0,0.0,0.0,1.0,2.0,2.0,3.0,2.0,2.0,2.0,3.0,3.0,3.0,3.0,3.0,3.0,4.0,4.0,4.0,4.0,4.0,4.0,4.0,5.0,5.0,3.0,4.0,5.0,5.0,4.0,6.0,8.0,8.0,8.0,10.0,12.0,15.0,18.0,20.0,21.0,23.0,25.0,29.0,28.0,31.0,39.0,47.0,47.0,46.0,53.0,56.0,56.0,56.0,56.0,59.0,58.0,57.0,57.0,58.0,57.0,58.0,56.0,54.0,57.0,56.0,57.0,51.0,50.0,48.0,44.0,40.0,37.0,38.0,37.0,34.0
0.0,0.0,0.0,0.0,0.0,0.0,0.0,0.0,0.0,0.0,0.0,0.0,0.0,0.0,0.0,0.0,0.0,0.0,0.0,0.0,0.0,0.0,0.0,0.0,0.0,0.0,0.0,0.0,0.0,0.0,0.0,0.0,0.0,0.0,0.0,0.0,0.0,0.0,0.0,0.0,1.0,1.0,1.0,1.0,1.0,1.0,1.0,1.0,3.0,4.0,4.0,5.0,5.0,4.0,4.0,4.0,4.0,4.0,6.0,4.0,3.0,2.0,2.0,3.0,4.0,4.0,5.0,6.0,6.0,6.0,6.0,4.0,4.0,4.0,4.0,4.0,4.0,5.0,5.0,6.0,6.0,6.0,6.0,6.0
0.0,0.0,0.0,0.0,0.0,0.0,0.0,0.0,0.0,1.0,1.0,1.0,1.0,1.0,1.0,1.0,1.0,1.0,1.0,1.0,1.0,1.0,1.0,1.0,1.0,1.0,1.0,1.0,1.0,1.0,1.0,1.0,0.0,0.0,0.0,0.0,0.0,0.0,0.0,0.0,0.0,0.0,0.0,0.0,0.0,0.0,0.0,0.0,0.0,0.0,0.0,0.0,0.0,0.0,0.0,0.0,0.0,0.0,0.0,0.0,0.0,0.0,0.0,0.0,0.0,0.0,0.0,0.0,0.0,0.0,0.0,0.0,0.0,0.0,0.0,0.0,0.0,0.0,0.0,0.0,0.0,0.0,0.0,0.0
0.0,0.0,0.0,0.0,0.0,0.0,0.0,1.0,1.0,1.0,1.0,0.0,0.0,0.0,0.0,0.0,0.0,0.0,0.0,0.0,0.0,0.0,0.0,0.0,0.0,0.0,0.0,0.0,0.0,0.0,0.0,0.0,0.0,0.0,0.0,0.0,0.0,0.0,0.0,0.0,0.0,0.0,0.0,0.0,0.0,0.0,0.0,0.0,0.0,0.0,0.0,0.0,0.0,0.0,0.0,0.0,0.0,0.0,0.0,0.0,0.0,0.0,0.0,0.0,0.0,0.0,0.0,0.0,0.0,0.0,0.0,0.0,0.0,0.0,0.0,0.0,0.0,0.0,0.0,0.0,0.0,0.0,0.0,0.0
0.0,0.0,0.0,0.0,0.0,0.0,0.0,0.0,0.0,0.0,0.0,0.0,0.0,0.0,0.0,0.0,1.0,1.0,1.0,1.0,1.0,1.0,1.0,2.0,2.0,2.0,2.0,2.0,2.0,2.0,3.0,4.0,4.0,4.0,4.0,4.0,5.0,5.0,6.0,6.0,6.0,9.0,9.0,11.0,12.0,11.0,13.0,14.0,12.0,15.0,17.0,19.0,22.0,24.0,34.0,33.0,36.0,35.0,36.0,38.0,39.0,46.0,48.0,47.0,45.0,44.0,44.0,44.0,47.0,52.0,53.0,54.0,53.0,51.0,49.0,45.0,44.0,43.0,43.0,42.0,41.0,36.0,39.0,37.0
0.0,0.0,0.0,0.0,0.0,1.0,1.0,1.0,1.0,1.0,1.0,1.0,2.0,2.0,2.0,2.0,1.0,1.0,1.0,2.0,1.0,1.0,1.0,1.0,1.0,0.0,1.0,1.0,1.0,2.0,3.0,3.0,3.0,4.0,5.0,5.0,5.0,5.0,7.0,8.0,9.0,12.0,13.0,12.0,13.0,16.0,20.0,24.0,25.0,26.0,31.0,36.0,37.0,43.0,50.0,51.0,56.0,58.0,57.0,56.0,57.0,58.0,60.0,59.0,61.0,62.0,65.0,64.0,66.0,65.0,57.0,60.0,59.0,57.0,62.0,63.0,64.0,56.0,54.0,50.0,51.0,50.0,46.0,46.0
0.0,0.0,0.0,0.0,0.0,0.0,0.0,0.0,0.0,0.0,0.0,0.0,0.0,0.0,0.0,0.0,0.0,0.0,0.0,0.0,0.0,0.0,0.0,0.0,0.0,0.0,1.0,1.0,1.0,2.0,4.0,5.0,5.0,5.0,4.0,4.0,5.0,4.0,4.0,6.0,8.0,8.0,8.0,10.0,10.0,11.0,13.0,12.0,13.0,16.0,21.0,26.0,34.0,41.0,43.0,48.0,52.0,58.0,64.0,61.0,67.0,69.0,73.0,70.0,75.0,77.0,77.0,83.0,81.0,79.0,81.0,77.0,78.0,80.0,84.0,78.0,77.0,73.0,69.0,67.0,64.0,63.0,61.0,58.0
0.0,0.0,0.0,0.0,0.0,0.0,0.0,0.0,0.0,0.0,0.0,0.0,0.0,0.0,0.0,0.0,0.0,0.0,0.0,0.0,0.0,0.0,0.0,0.0,0.0,1.0,3.0,2.0,3.0,3.0,3.0,5.0,5.0,8.0,8.0,11.0,11.0,12.0,15.0,19.0,22.0,23.0,23.0,26.0,26.0,30.0,37.0,37.0,43.0,48.0,55.0,58.0,64.0,70.0,78.0,94.0,106.0,106.0,114.0,119.0,124.0,126.0,125.0,119.0,121.0,123.0,119.0,121.0,116.0,113.0,114.0,116.0,112.0,108.0,103.0,105.0,104.0,101.0,98.0,98.0,96.0,99.0,95.0,91.0
0.0,0.0,0.0,0.0,0.0,0.0,0.0,0.0,0.0,0.0,0.0,0.0,0.0,0.0,0.0,0.0,0.0,0.0,0.0,0.0,0.0,0.0,0.0,0.0,0.0,0.0,0.0,0.0,0.0,0.0,0.0,0.0,0.0,0.0,0.0,0.0,0.0,4.0,4.0,4.0,4.0,4.0,6.0,7.0,9.0,8.0,10.0,11.0,11.0,13.0,14.0,16.0,17.0,17.0,16.0,21.0,23.0,19.0,23.0,24.0,25.0,27.0,28.0,29.0,25.0,23.0,24.0,26.0,28.0,31.0,30.0,28.0,30.0,34.0,33.0,31.0,30.0,26.0,25.0,24.0,26.0,25.0,23.0,21.0
0.0,0.0,0.0,0.0,0.0,0.0,0.0,0.0,0.0,0.0,0.0,1.0,1.0,2.0,2.0,2.0,2.0,2.0,2.0,2.0,2.0,2.0,1.0,1.0,2.0,2.0,2.0,2.0,3.0,3.0,3.0,2.0,2.0,2.0,2.0,2.0,2.0,2.0,2.0,2.0,2.0,2.0,2.0,2.0,3.0,3.0,3.0,4.0,5.0,4.0,3.0,3.0,3.0,3.0,2.0,2.0,3.0,2.0,2.0,4.0,5.0,4.0,5.0,4.0,4.0,3.0,3.0,3.0,2.0,2.0,1.0,1.0,3.0,3.0,3.0,3.0,3.0,3.0,3.0,2.0,2.0,2.0,2.0,3.0
0.0,0.0,0.0,0.0,0.0,0.0,0.0,0.0,1.0,2.0,2.0,2.0,1.0,1.0,1.0,2.0,2.0,3.0,4.0,4.0,4.0,4.0,4.0,4.0,4.0,5.0,5.0,7.0,8.0,8.0,6.0,7.0,7.0,7.0,6.0,8.0,11.0,15.0,15.0,15.0,16.0,18.0,21.0,24.0,27.0,28.0,32.0,29.0,33.0,35.0,42.0,42.0,47.0,52.0,54.0,59.0,63.0,74.0,82.0,94.0,100.0,105.0,111.0,114.0,114.0,111.0,112.0,113.0,117.0,112.0,110.0,116.0,111.0,107.0,104.0,106.0,101.0,97.0,90.0,84.0,83.0,78.0,75.0,69.0
0.0,0.0,0.0,0.0,0.0,0.0,0.0,0.0,0.0,0.0,1.0,0.0,0.0,0.0,0.0,0.0,0.0,0.0,0.0,0.0,0.0,0.0,0.0,0.0,0.0,0.0,0.0,0.0,0.0,1.0,1.0,1.0,1.0,1.0,2.0,2.0,2.0,2.0,2.0,2.0,3.0,3.0,3.0,3.0,3.0,2.0,3.0,3.0,4.0,4.0,3.0,4.0,5.0,5.0,5.0,6.0,6.0,6.0,7.0,7.0,7.0,6.0,6.0,5.0,4.0,4.0,3.0,4.0,5.0,5.0,5.0,5.0,5.0,4.0,5.0,4.0,2.0,3.0,4.0,4.0,4.0,4.0,3.0,3.0
0.0,0.0,0.0,0.0,0.0,0.0,0.0,0.0,0.0,1.0,1.0,0.0,0.0,0.0,0.0,0.0,0.0,0.0,1.0,1.0,1.0,1.0,1.0,1.0,1.0,2.0,2.0,3.0,4.0,5.0,5.0,5.0,5.0,5.0,4.0,3.0,3.0,4.0,6.0,8.0,8.0,7.0,10.0,8.0,11.0,12.0,15.0,16.0,18.0,19.0,22.0,26.0,28.0,30.0,31.0,37.0,43.0,50.0,54.0,60.0,61.0,59.0,56.0,63.0,65.0,63.0,62.0,61.0,65.0,62.0,63.0,61.0,60.0,57.0,58.0,55.0,54.0,52.0,53.0,52.0,53.0,52.0,49.0,48.0
0.0,0.0,0.0,0.0,0.0,0.0,0.0,0.0,0.0,0.0,1.0,1.0,1.0,1.0,1.0,1.0,1.0,1.0,1.0,1.0,1.0,1.0,1.0,1.0,1.0,1.0,1.0,1.0,1.0,1.0,1.0,0.0,1.0,1.0,1.0,4.0,4.0,4.0,6.0,8.0,8.0,8.0,8.0,10.0,9.0,14.0,17.0,19.0,19.0,20.0,21.0,19.0,24.0,24.0,33.0,35.0,39.0,43.0,45.0,52.0,51.0,55.0,58.0,58.0,57.0,59.0,62.0,62.0,64.0,57.0,56.0,51.0,52.0,50.0,52.0,49.0,48.0,47.0,44.0,44.0,42.0,42.0,42.0,38.0
0.0,0.0,0.0,0.0,0.0,0.0,0.0,0.0,0.0,0.0,0.0,0.0,0.0,1.0,1.0,2.0,2.0,2.0,2.0,3.0,4.0,3.0,3.0,3.0,3.0,2.0,2.0,2.0,2.0,3.0,2.0,3.0,4.0,4.0,4.0,4.0,4.0,5.0,5.0,5.0,5.0,5.0,5.0,3.0,5.0,6.0,4.0,4.0,5.0,6.0,7.0,11.0,10.0,14.0,15.0,16.0,15.0,17.0,21.0,19.0,21.0,21.0,25.0,23.0,22.0,22.0,23.0,24.0,25.0,25.0,25.0,23.0,21.0,21.0,22.0,21.0,19.0,19.0,17.0,15.0,13.0,15.0,15.0,14.0
0.0,0.0,0.0,0.0,0.0,0.0,0.0,0.0,0.0,0.0,0.0,0.0,0.0,0.0,0.0,0.0,0.0,0.0,0.0,1.0,1.0,1.0,1.0,1.0,2.0,2.0,4.0,3.0,4.0,4.0,4.0,4.0,4.0,4.0,5.0,5.0,4.0,4.0,4.0,7.0,7.0,8.0,9.0,11.0,11.0,16.0,19.0,24.0,25.0,25.0,26.0,29.0,34.0,39.0,42.0,47.0,49.0,50.0,53.0,55.0,60.0,63.0,58.0,57.0,60.0,59.0,63.0,66.0,65.0,62.0,64.0,61.0,59.0,60.0,63.0,58.0,55.0,51.0,47.0,44.0,43.0,40.0,37.0,37.0
0.0,0.0,0.0,0.0,0.0,0.0,0.0,0.0,0.0,0.0,1.0,1.0,1.0,1.0,1.0,1.0,1.0,2.0,2.0,2.0,2.0,2.0,2.0,1.0,1.0,1.0,2.0,2.0,1.0,1.0,1.0,1.0,1.0,1.0,2.0,3.0,4.0,4.0,2.0,3.0,4.0,4.0,4.0,6.0,5.0,5.0,5.0,4.0,4.0,7.0,9.0,12.0,14.0,14.0,14.0,13.0,15.0,18.0,21.0,28.0,29.0,29.0,28.0,29.0,29.0,29.0,32.0,34.0,32.0,30.0,28.0,25.0,23.0,23.0,23.0,23.0,22.0,23.0,23.0,21.0,19.0,18.0,18.0,15.0
0.0,0.0,0.0,0.0,0.0,0.0,0.0,0.0,0.0,0.0,0.0,0.0,0.0,0.0,0.0,0.0,0.0,0.0,0.0,0.0,0.0,0.0,0.0,1.0,1.0,1.0,1.0,2.0,2.0,3.0,3.0,3.0,3.0,2.0,2.0,2.0,2.0,2.0,2.0,3.0,3.0,4.0,4.0,4.0,5.0,6.0,7.0,7.0,7.0,7.0,7.0,7.0,8.0,11.0,12.0,12.0,13.0,13.0,13.0,13.0,15.0,17.0,18.0,19.0,17.0,18.0,20.0,17.0,16.0,17.0,18.0,18.0,18.0,17.0,15.0,13.0,13.0,13.0,13.0,13.0,15.0,15.0,16.0,15.0
0.0,0.0,0.0,0.0,0.0,0.0,0.0,0.0,0.0,0.0,0.0,0.0,0.0,0.0,0.0,0.0,0.0,0.0,0.0,0.0,0.0,0.0,0.0,0.0,0.0,0.0,0.0,1.0,1.0,1.0,1.0,2.0,2.0,1.0,1.0,2.0,2.0,2.0,3.0,3.0,4.0,5.0,6.0,4.0,5.0,6.0,8.0,11.0,9.0,9.0,11.0,12.0,16.0,18.0,17.0,18.0,19.0,22.0,22.0,22.0,28.0,30.0,30.0,32.0,32.0,31.0,31.0,29.0,31.0,32.0,32.0,31.0,29.0,29.0,29.0,30.0,25.0,26.0,26.0,24.0,23.0,22.0,20.0,17.0
0.0,0.0,0.0,0.0,0.0,0.0,0.0,0.0,0.0,0.0,0.0,0.0,0.0,0.0,0.0,0.0,0.0,0.0,0.0,0.0,0.0,0.0,0.0,0.0,0.0,1.0,1.0,2.0,2.0,3.0,4.0,3.0,3.0,4.0,3.0,4.0,4.0,5.0,8.0,8.0,6.0,6.0,6.0,8.0,7.0,8.0,9.0,8.0,7.0,9.0,11.0,11.0,13.0,18.0,20.0,21.0,26.0,35.0,40.0,37.0,36.0,40.0,40.0,41.0,38.0,35.0,33.0,33.0,33.0,32.0,32.0,30.0,30.0,29.0,25.0,24.0,24.0,23.0,21.0,20.0,20.0,18.0,17.0,16.0
0.0,0.0,0.0,0.0,0.0,0.0,0.0,0.0,0.0,0.0,0.0,0.0,0.0,0.0,0.0,0.0,0.0,0.0,0.0,0.0,0.0,1.0,1.0,2.0,3.0,3.0,3.0,4.0,6.0,8.0,7.0,7.0,7.0,7.0,7.0,11.0,10.0,11.0,14.0,15.0,14.0,14.0,14.0,17.0,16.0,19.0,22.0,26.0,32.0,38.0,48.0,52.0,57.0,65.0,75.0,82.0,86.0,93.0,95.0,100.0,106.0,112.0,118.0,123.0,130.0,133.0,134.0,124.0,128.0,122.0,123.0,116.0,115.0,114.0,112.0,109.0,110.0,106.0,103.0,103.0,100.0,96.0,97.0,94.0
0.0,0.0,0.0,0.0,0.0,0.0,0.0,0.0,0.0,0.0,0.0,0.0,0.0,0.0,0.0,0.0,1.0,2.0,2.0,1.0,1.0,1.0,1.0,1.0,1.0,1.0,1.0,1.0,1.0,1.0,1.0,1.0,1.0,1.0,1.0,1.0,3.0,3.0,3.0,3.0,4.0,7.0,7.0,7.0,9.0,10.0,14.0,14.0,14.0,12.0,14.0,14.0,14.0,15.0,19.0,24.0,27.0,29.0,28.0,27.0,34.0,35.0,40.0,41.0,41.0,39.0,41.0,43.0,42.0,39.0,36.0,37.0,34.0,35.0,35.0,35.0,34.0,33.0,33.0,32.0,34.0,34.0,29.0,28.0
0.0,0.0,0.0,0.0,0.0,0.0,1.0,1.0,1.0,1.0,1.0,1.0,1.0,1.0,1.0,1.0,1.0,1.0,1.0,1.0,1.0,1.0,1.0,1.0,1.0,2.0,2.0,2.0,2.0,2.0,2.0,2.0,2.0,2.0,2.0,2.0,2.0,2.0,3.0,3.0,3.0,4.0,3.0,2.0,2.0,3.0,4.0,5.0,4.0,4.0,4.0,5.0,6.0,7.0,7.0,6.0,6.0,6.0,7.0,8.0,9.0,10.0,9.0,8.0,10.0,10.0,9.0,9.0,9.0,8.0,7.0,8.0,8.0,7.0,7.0,8.0,7.0,7.0,7.0,7.0,8.0,8.0,8.0,8.0
0.0,0.0,0.0,0.0,0.0,0.0,1.0,1.0,1.0,2.0,2.0,2.0,2.0,2.0,2.0,1.0,1.0,1.0,2.0,2.0,2.0,2.0,2.0,2.0,3.0,3.0,4.0,4.0,3.0,3.0,4.0,4.0,5.0,4.0,4.0,5.0,7.0,7.0,7.0,8.0,7.0,7.0,5.0,9.0,9.0,13.0,15.0,19.0,21.0,24.0,23.0,22.0,23.0,25.0,23.0,25.0,29.0,31.0,37.0,39.0,40.0,40.0,38.0,49.0,48.0,47.0,48.0,46.0,47.0,48.0,47.0,49.0,48.0,45.0,42.0,39.0,38.0,37.0,35.0,33.0,34.0,32.0,30.0,29.0
0.0,0.0,0.0,0.0,0.0,0.0,0.0,0.0,0.0,0.0,0.0,0.0,0.0,0.0,0.0,0.0,0.0,0.0,0.0,0.0,0.0,0.0,0.0,0.0,0.0,0.0,0.0,1.0,0.0,0.0,0.0,1.0,2.0,3.0,2.0,2.0,2.0,2.0,2.0,2.0,3.0,4.0,3.0,4.0,5.0,5.0,8.0,9.0,8.0,9.0,10.0,10.0,12.0,9.0,10.0,11.0,12.0,12.0,12.0,12.0,13.0,15.0,15.0,15.0,15.0,16.0,18.0,20.0,19.0,20.0,20.0,20.0,20.0,18.0,19.0,18.0,18.0,18.0,16.0,16.0,15.0,11.0,10.0,10.0
0.0,0.0,0.0,0.0,0.0,0.0,0.0,0.0,0.0,0.0,0.0,0.0,0.0,0.0,0.0,0.0,0.0,0.0,0.0,0.0,0.0,2.0,2.0,3.0,2.0,4.0,3.0,3.0,3.0,3.0,4.0,4.0,3.0,5.0,5.0,5.0,5.0,7.0,6.0,7.0,7.0,6.0,5.0,7.0,8.0,13.0,15.0,17.0,25.0,31.0,37.0,43.0,53.0,55.0,56.0,62.0,61.0,73.0,77.0,77.0,79.0,84.0,82.0,87.0,86.0,86.0,88.0,88.0,91.0,92.0,86.0,83.0,82.0,75.0,75.0,72.0,68.0,68.0,68.0,69.0,66.0,68.0,68.0,66.0
0.0,0.0,0.0,0.0,0.0,0.0,0.0,0.0,0.0,0.0,0.0,0.0,0.0,0.0,0.0,0.0,0.0,0.0,0.0,0.0,0.0,0.0,0.0,1.0,1.0,1.0,1.0,2.0,2.0,3.0,3.0,4.0,6.0,5.0,5.0,4.0,3.0,4.0,6.0,6.0,7.0,7.0,7.0,7.0,9.0,10.0,13.0,12.0,11.0,10.0,14.0,15.0,15.0,18.0,19.0,20.0,23.0,26.0,30.0,33.0,33.0,30.0,31.0,28.0,30.0,29.0,27.0,29.0,29.0,31.0,30.0,29.0,25.0,26.0,25.0,26.0,25.0,27.0,25.0,24.0,23.0,21.0,20.0,19.0
0.0,0.0,0.0,0.0,0.0,0.0,0.0,0.0,0.0,0.0,0.0,0.0,0.0,0.0,0.0,0.0,0.0,0.0,0.0,0.0,0.0,0.0,0.0,0.0,1.0,1.0,1.0,1.0,2.0,2.0,2.0,2.0,2.0,1.0,1.0,1.0,1.0,2.0,2.0,2.0,2.0,3.0,4.0,4.0,4.0,3.0,3.0,3.0,3.0,3.0,3.0,3.0,4.0,4.0,4.0,3.0,3.0,3.0,4.0,4.0,4.0,4.0,4.0,4.0,4.0,3.0,3.0,3.0,3.0,3.0,3.0,3.0,3.0,3.0,3.0,3.0,3.0,3.0,4.0,4.0,4.0,4.0,3.0,3.0
0.0,0.0,0.0,0.0,0.0,0.0,0.0,0.0,0.0,0.0,0.0,0.0,0.0,0.0,0.0,0.0,0.0,0.0,0.0,0.0,0.0,0.0,0.0,0.0,0.0,1.0,1.0,0.0,1.0,1.0,3.0,4.0,3.0,3.0,5.0,5.0,6.0,7.0,7.0,7.0,8.0,7.0,9.0,11.0,14.0,15.0,16.0,17.0,17.0,19.0,19.0,20.0,24.0,26.0,29.0,31.0,29.0,31.0,28.0,29.0,29.0,29.0,31.0,32.0,32.0,32.0,33.0,37.0,40.0,44.0,47.0,47.0,46.0,44.0,46.0,45.0,42.0,41.0,38.0,35.0,34.0,33.0,30.0,29.0
0.0,0.0,0.0,0.0,0.0,0.0,0.0,0.0,0.0,0.0,0.0,0.0,0.0,0.0,0.0,0.0,0.0,0.0,0.0,1.0,0.0,0.0,0.0,0.0,0.0,0.0,0.0,2.0,3.0,4.0,5.0,7.0,9.0,7.0,8.0,10.0,10.0,13.0,18.0,18.0,21.0,19.0,16.0,20.0,22.0,25.0,27.0,29.0,31.0,47.0,48.0,49.0,47.0,48.0,57.0,67.0,72.0,80.0,88.0,94.0,96.0,103.0,107.0,113.0,112.0,112.0,115.0,116.0,115.0,111.0,114.0,110.0,112.0,106.0,109.0,111.0,99.0,92.0,91.0,85.0,79.0,79.0,77.0,78.0
0.0,0.0,0.0,0.0,0.0,0.0,0.0,0.0,0.0,0.0,1.0,1.0,1.0,1.0,1.0,1.0,1.0,1.0,1.0,1.0,1.0,1.0,1.0,2.0,3.0,4.0,4.0,4.0,4.0,3.0,3.0,4.0,4.0,3.0,5.0,5.0,5.0,3.0,4.0,4.0,4.0,5.0,5.0,5.0,5.0,5.0,5.0,6.0,6.0,8.0,7.0,6.0,8.0,8.0,7.0,7.0,8.0,7.0,7.0,7.0,9.0,9.0,8.0,9.0,10.0,11.0,12.0,13.0,13.0,13.0,14.0,14.0,15.0,16.0,15.0,16.0,15.0,14.0,14.0,14.0,13.0,14.0,14.0,13.0
0.0,0.0,0.0,0.0,0.0,0.0,0.0,1.0,1.0,1.0,1.0,1.0,1.0,1.0,1.0,0.0,0.0,0.0,0.0,0.0,0.0,0.0,0.0,0.0,0.0,0.0,0.0,0.0,0.0,0.0,0.0,0.0,1.0,1.0,0.0,0.0,0.0,1.0,3.0,3.0,3.0,3.0,3.0,3.0,4.0,4.0,4.0,4.0,4.0,6.0,6.0,7.0,8.0,8.0,10.0,14.0,14.0,17.0,21.0,16.0,15.0,18.0,18.0,18.0,20.0,21.0,22.0,24.0,24.0,27.0,26.0,26.0,28.0,25.0,26.0,22.0,20.0,19.0,21.0,21.0,17.0,19.0,17.0,17.0
0.0,0.0,0.0,0.0,0.0,0.0,0.0,1.0,1.0,1.0,1.0,1.0,2.0,2.0,2.0,2.0,2.0,2.0,2.0,2.0,2.0,2.0,3.0,5.0,5.0,5.0,5.0,5.0,6.0,8.0,8.0,6.0,5.0,7.0,8.0,9.0,9.0,10.0,11.0,16.0,17.0,16.0,13.0,16.0,19.0,19.0,19.0,19.0,22.0,31.0,36.0,39.0,39.0,45.0,45.0,48.0,52.0,56.0,57.0,65.0,63.0,60.0,60.0,62.0,66.0,66.0,66.0,67.0,66.0,66.0,64.0,61.0,64.0,66.0,66.0,63.0,62.0,62.0,62.0,58.0,55.0,58.0,56.0,54.0
0.0,0.0,0.0,0.0,0.0,0.0,0.0,0.0,0.0,0.0,0.0,1.0,0.0,0.0,0.0,0.0,0.0,0.0,0.0,0.0,0.0,1.0,1.0,2.0,2.0,2.0,1.0,1.0,2.0,2.0,4.0,5.0,7.0,6.0,8.0,8.0,9.0,9.0,12.0,16.0,19.0,19.0,23.0,31.0,28.0,31.0,32.0,34.0,35.0,33.0,36.0,43.0,46.0,46.0,49.0,49.0,54.0,59.0,66.0,61.0,66.0,67.0,70.0,73.0,72.0,80.0,81.0,80.0,84.0,86.0,86.0,83.0,80.0,76.0,76.0,73.0,76.0,76.0,77.0,71.0,69.0,69.0,66.0,63.0
0.0,0.0,0.0,0.0,0.0,0.0,0.0,0.0,0.0,0.0,0.0,0.0,0.0,0.0,0.0,0.0,0.0,0.0,0.0,1.0,2.0,2.0,1.0,1.0,1.0,1.0,1.0,1.0,1.0,1.0,1.0,1.0,1.0,1.0,1.0,1.0,1.0,1.0,1.0,3.0,4.0,4.0,3.0,3.0,5.0,6.0,8.0,7.0,11.0,12.0,12.0,12.0,12.0,14.0,15.0,14.0,16.0,17.0,19.0,23.0,25.0,26.0,30.0,31.0,31.0,31.0,35.0,32.0,34.0,36.0,35.0,30.0,30.0,31.0,26.0,26.0,24.0,20.0,19.0,18.0,17.0,17.0,17.0,17.0
0.0,0.0,0.0,0.0,0.0,0.0,0.0,0.0,0.0,0.0,0.0,0.0,1.0,1.0,1.0,1.0,0.0,0.0,0.0,0.0,1.0,0.0,0.0,0.0,2.0,2.0,2.0,3.0,3.0,4.0,8.0,8.0,7.0,8.0,7.0,10.0,10.0,13.0,12.0,16.0,15.0,15.0,15.0,18.0,19.0,22.0,26.0,31.0,36.0,38.0,41.0,44.0,49.0,49.0,50.0,52.0,53.0,54.0,59.0,60.0,65.0,64.0,73.0,70.0,68.0,64.0,68.0,71.0,76.0,80.0,77.0,76.0,73.0,68.0,70.0,70.0,67.0,63.0,60.0,56.0,57.0,56.0,53.0,54.0
0.0,0.0,0.0,0.0,0.0,0.0,0.0,0.0,1.0,1.0,1.0,1.0,1.0,1.0,1.0,1.0,1.0,1.0,1.0,1.0,1.0,1.0,1.0,1.0,1.0,1.0,2.0,2.0,2.0,2.0,4.0,4.0,4.0,4.0,4.0,4.0,3.0,4.0,5.0,7.0,8.0,8.0,9.0,11.0,13.0,16.0,16.0,18.0,19.0,19.0,21.0,24.0,25.0,27.0,27.0,28.0,28.0,29.0,29.0,30.0,32.0,30.0,29.0,31.0,33.0,34.0,36.0,40.0,37.0,36.0,34.0,33.0,33.0,31.0,30.0,32.0,31.0,30.0,30.0,29.0,29.0,29.0,29.0,28.0
0.0,0.0,0.0,0.0,0.0,0.0,0.0,0.0,0.0,0.0,0.0,0.0,0.0,0.0,0.0,0.0,0.0,0.0,0.0,0.0,0.0,0.0,2.0,2.0,2.0,3.0,3.0,2.0,1.0,2.0,3.0,3.0,3.0,3.0,4.0,5.0,6.0,7.0,7.0,9.0,8.0,8.0,9.0,10.0,11.0,14.0,16.0,20.0,22.0,24.0,25.0,31.0,27.0,31.0,35.0,40.0,45.0,47.0,45.0,47.0,53.0,51.0,50.0,52.0,53.0,55.0,52.0,52.0,50.0,48.0,46.0,49.0,46.0,42.0,39.0,35.0,32.0,31.0,30.0,29.0,29.0,28.0,29.0,26.0
0.0,0.0,0.0,0.0,0.0,0.0,0.0,0.0,0.0,1.0,2.0,2.0,1.0,1.0,2.0,2.0,2.0,2.0,1.0,1.0,1.0,1.0,2.0,2.0,2.0,2.0,2.0,2.0,3.0,3.0,4.0,8.0,9.0,7.0,8.0,10.0,15.0,14.0,19.0,19.0,18.0,23.0,22.0,24.0,23.0,25.0,27.0,32.0,37.0,42.0,47.0,52.0,51.0,54.0,59.0,64.0,77.0,84.0,81.0,82.0,85.0,88.0,89.0,90.0,93.0,96.0,97.0,93.0,88.0,91.0,93.0,93.0,90.0,92.0,92.0,88.0,84.0,79.0,77.0,75.0,74.0,73.0,71.0,70.0
0.0,0.0,0.0,0.0,0.0,0.0,0.0,0.0,1.0,1.0,1.0,1.0,1.0,1.0,1.0,1.0,1.0,2.0,1.0,1.0,1.0,1.0,1.0,1.0,2.0,3.0,4.0,4.0,7.0,9.0,10.0,10.0,9.0,9.0,9.0,9.0,10.0,11.0,12.0,11.0,12.0,12.0,14.0,15.0,16.0,15.0,13.0,16.0,17.0,15.0,13.0,18.0,21.0,24.0,25.0,26.0,25.0,28.0,28.0,33.0,39.0,45.0,44.0,45.0,42.0,39.0,43.0,42.0,42.0,37.0,36.0,38.0,36.0,34.0,35.0,37.0,35.0,35.0,36.0,36.0,34.0,32.0,31.0,30.0
0.0,0.0,0.0,0.0,0.0,0.0,0.0,0.0,0.0,0.0,0.0,0.0,0.0,0.0,0.0,0.0,0.0,0.0,0.0,0.0,0.0,0.0,1.0,1.0,1.0,1.0,1.0,1.0,1.0,1.0,2.0,2.0,4.0,5.0,6.0,9.0,8.0,8.0,10.0,9.0,11.0,12.0,14.0,18.0,20.0,25.0,28.0,31.0,29.0,39.0,44.0,45.0,48.0,54.0,57.0,66.0,75.0,78.0,83.0,88.0,95.0,97.0,101.0,101.0,97.0,100.0,100.0,107.0,103.0,103.0,104.0,99.0,93.0,92.0,90.0,89.0,85.0,85.0,79.0,74.0,73.0,74.0,73.0,72.0
0.0,0.0,0.0,0.0,0.0,0.0,0.0,0.0,0.0,0.0,0.0,1.0,1.0,1.0,1.0,1.0,1.0,1.0,1.0,1.0,2.0,2.0,2.0,2.0,3.0,2.0,2.0,2.0,3.0,3.0,3.0,3.0,3.0,5.0,3.0,4.0,5.0,6.0,7.0,6.0,7.0,7.0,7.0,6.0,7.0,7.0,7.0,7.0,10.0,12.0,16.0,18.0,17.0,23.0,25.0,26.0,32.0,38.0,43.0,46.0,48.0,50.0,53.0,52.0,51.0,51.0,56.0,58.0,52.0,47.0,46.0,42.0,41.0,44.0,42.0,42.0,41.0,45.0,49.0,46.0,46.0,46.0,46.0,47.0
0.0,0.0,0.0,0.0,0.0,0.0,0.0,0.0,0.0,0.0,0.0,0.0,0.0,0.0,0.0,0.0,0.0,0.0,0.0,0.0,0.0,0.0,0.0,0.0,0.0,0.0,0.0,0.0,0.0,0.0,0.0,0.0,0.0,0.0,0.0,0.0,0.0,1.0,1.0,1.0,1.0,1.0,1.0,1.0,1.0,1.0,1.0,2.0,2.0,2.0,2.0,2.0,2.0,2.0,2.0,2.0,3.0,3.0,4.0,4.0,4.0,3.0,4.0,4.0,4.0,4.0,4.0,5.0,5.0,6.0,6.0,6.0,6.0,7.0,6.0,6.0,6.0,5.0,4.0,4.0,4.0,4.0,4.0,4.0
0.0,0.0,0.0,0.0,0.0,0.0,0.0,0.0,0.0,0.0,0.0,0.0,0.0,0.0,0.0,0.0,0.0,0.0,0.0,0.0,0.0,0.0,0.0,0.0,0.0,0.0,1.0,2.0,3.0,3.0,3.0,3.0,3.0,2.0,2.0,2.0,3.0,5.0,5.0,4.0,3.0,3.0,3.0,3.0,3.0,6.0,7.0,10.0,11.0,14.0,15.0,15.0,18.0,19.0,19.0,18.0,19.0,17.0,17.0,16.0,16.0,17.0,19.0,20.0,21.0,21.0,20.0,25.0,26.0,25.0,26.0,25.0,25.0,23.0,20.0,19.0,18.0,16.0,14.0,13.0,13.0,13.0,13.0,12.0
0.0,0.0,0.0,0.0,0.0,0.0,0.0,0.0,0.0,0.0,1.0,1.0,2.0,2.0,2.0,2.0,2.0,2.0,2.0,2.0,3.0,3.0,3.0,4.0,3.0,3.0,2.0,2.0,3.0,4.0,5.0,7.0,9.0,10.0,10.0,11.0,11.0,12.0,13.0,14.0,14.0,16.0,15.0,17.0,15.0,14.0,16.0,19.0,21.0,22.0,23.0,26.0,23.0,23.0,27.0,28.0,27.0,30.0,34.0,35.0,36.0,40.0,38.0,38.0,40.0,46.0,46.0,43.0,44.0,38.0,38.0,39.0,39.0,38.0,40.0,40.0,41.0,40.0,38.0,37.0,35.0,36.0,36.0,37.0
0.0,0.0,0.0,0.0,0.0,0.0,0.0,0.0,0.0,0.0,0.0,0.0,0.0,0.0,0.0,0.0,0.0,0.0,0.0,1.0,1.0,1.0,1.0,2.0,2.0,3.0,4.0,4.0,2.0,2.0,2.0,2.0,2.0,3.0,5.0,4.0,7.0,7.0,9.0,9.0,9.0,10.0,9.0,10.0,12.0,11.0,12.0,12.0,14.0,16.0,20.0,19.0,21.0,22.0,21.0,22.0,29.0,34.0,34.0,34.0,38.0,41.0,43.0,43.0,42.0,39.0,39.0,34.0,35.0,35.0,35.0,38.0,39.0,38.0,36.0,34.0,32.0,33.0,33.0,33.0,30.0,30.0,31.0,35.0
0.0,0.0,0.0,0.0,0.0,0.0,0.0,0.0,0.0,0.0,0.0,0.0,0.0,0.0,0.0,0.0,0.0,0.0,0.0,0.0,0.0,0.0,0.0,0.0,0.0,0.0,0.0,0.0,0.0,0.0,1.0,1.0,1.0,1.0,1.0,2.0,2.0,2.0,1.0,2.0,2.0,4.0,4.0,3.0,6.0,7.0,7.0,6.0,6.0,7.0,9.0,8.0,9.0,10.0,10.0,13.0,15.0,17.0,20.0,20.0,21.0,21.0,23.0,24.0,26.0,27.0,29.0,30.0,31.0,30.0,29.0,28.0,27.0,26.0,25.0,24.0,23.0,23.0,24.0,22.0,22.0,22.0,19.0,18.0
0.0,0.0,0.0,0.0,0.0,0.0,0.0,0.0,0.0,0.0,0.0,0.0,0.0,0.0,0.0,0.0,0.0,2.0,1.0,1.0,1.0,2.0,2.0,2.0,2.0,2.0,2.0,2.0,3.0,4.0,3.0,3.0,4.0,4.0,4.0,2.0,3.0,3.0,3.0,4.0,5.0,7.0,7.0,7.0,7.0,7.0,7.0,10.0,12.0,12.0,10.0,11.0,11.0,10.0,12.0,16.0,23.0,26.0,27.0,33.0,32.0,35.0,34.0,33.0,36.0,36.0,35.0,32.0,36.0,36.0,36.0,32.0,32.0,30.0,29.0,31.0,31.0,29.0,25.0,23.0,24.0,22.0,22.0,21.0
0.0,0.0,0.0,0.0,0.0,0.0,0.0,0.0,0.0,0.0,0.0,0.0,0.0,0.0,0.0,1.0,1.0,1.0,1.0,1.0,1.0,1.0,1.0,1.0,1.0,1.0,1.0,1.0,1.0,1.0,1.0,1.0,1.0,1.0,1.0,1.0,2.0,3.0,4.0,3.0,3.0,4.0,4.0,4.0,4.0,3.0,3.0,4.0,5.0,3.0,4.0,4.0,4.0,4.0,6.0,7.0,7.0,7.0,9.0,10.0,11.0,11.0,13.0,12.0,13.0,13.0,14.0,12.0,10.0,9.0,10.0,10.0,10.0,11.0,11.0,10.0,9.0,9.0,9.0,9.0,9.0,8.0,8.0,8.0
0.0,0.0,0.0,0.0,0.0,0.0,0.0,0.0,0.0,0.0,0.0,0.0,0.0,0.0,0.0,0.0,0.0,0.0,0.0,1.0,1.0,1.0,1.0,1.0,1.0,1.0,1.0,1.0,1.0,1.0,1.0,2.0,1.0,0.0,1.0,3.0,4.0,4.0,3.0,4.0,4.0,4.0,6.0,8.0,11.0,12.0,13.0,13.0,12.0,10.0,11.0,13.0,16.0,20.0,22.0,23.0,22.0,26.0,27.0,27.0,28.0,31.0,34.0,36.0,36.0,36.0,36.0,33.0,31.0,32.0,31.0,33.0,32.0,31.0,27.0,26.0,25.0,25.0,25.0,24.0,24.0,23.0,23.0,22.0
0.0,0.0,0.0,0.0,0.0,0.0,0.0,2.0,2.0,3.0,3.0,3.0,2.0,2.0,2.0,2.0,2.0,2.0,2.0,2.0,1.0,1.0,3.0,3.0,3.0,2.0,1.0,1.0,1.0,1.0,1.0,1.0,1.0,1.0,1.0,1.0,2.0,2.0,2.0,3.0,4.0,5.0,5.0,5.0,7.0,8.0,7.0,7.0,9.0,13.0,17.0,22.0,24.0,26.0,29.0,36.0,40.0,44.0,48.0,49.0,51.0,54.0,59.0,59.0,58.0,61.0,61.0,61.0,61.0,60.0,57.0,58.0,55.0,53.0,53.0,52.0,51.0,50.0,48.0,45.0,44.0,44.0,39.0,37.0
0.0,0.0,0.0,0.0,0.0,0.0,0.0,0.0,0.0,0.0,0.0,1.0,0.0,0.0,0.0,0.0,1.0,0.0,0.0,0.0,0.0,0.0,0.0,0.0,0.0,1.0,1.0,1.0,1.0,1.0,1.0,2.0,3.0,4.0,4.0,6.0,6.0,8.0,10.0,10.0,12.0,16.0,15.0,20.0,18.0,20.0,21.0,20.0,24.0,30.0,40.0,40.0,45.0,47.0,49.0,58.0,64.0,64.0,69.0,71.0,79.0,83.0,85.0,89.0,97.0,100.0,98.0,100.0,97.0,96.0,94.0,91.0,92.0,95.0,96.0,93.0,91.0,86.0,85.0,78.0,74.0,70.0,71.0,68.0
0.0,0.0,0.0,0.0,0.0,0.0,0.0,0.0,0.0,0.0,0.0,0.0,1.0,0.0,0.0,0.0,0.0,0.0,0.0,0.0,0.0,1.0,1.0,1.0,1.0,1.0,1.0,1.0,1.0,2.0,2.0,3.0,3.0,3.0,3.0,4.0,5.0,6.0,6.0,7.0,8.0,9.0,9.0,11.0,10.0,13.0,17.0,18.0,20.0,23.0,25.0,27.0,31.0,31.0,30.0,36.0,38.0,39.0,42.0,43.0,48.0,44.0,49.0,55.0,55.0,65.0,66.0,62.0,62.0,63.0,64.0,66.0,62.0,61.0,62.0,64.0,62.0,57.0,56.0,59.0,57.0,58.0,55.0,52.0
0.0,0.0,0.0,0.0,0.0,0.0,0.0,0.0,0.0,0.0,0.0,0.0,0.0,0.0,1.0,2.0,2.0,2.0,2.0,2.0,2.0,1.0,1.0,1.0,1.0,1.0,1.0,2.0,2.0,3.0,3.0,4.0,4.0,4.0,6.0,6.0,6.0,9.0,12.0,13.0,13.0,14.0,15.0,20.0,22.0,25.0,30.0,32.0,40.0,48.0,51.0,58.0,62.0,64.0,68.0,77.0,91.0,97.0,100.0,99.0,108.0,112.0,119.0,119.0,122.0,122.0,122.0,123.0,120.0,121.0,119.0,118.0,113.0,112.0,114.0,109.0,106.0,106.0,105.0,101.0,99.0,95.0,94.0,91.0
0.0,0.0,0.0,0.0,0.0,0.0,0.0,0.0,0.0,0.0,0.0,0.0,0.0,0.0,0.0,0.0,0.0,1.0,1.0,1.0,1.0,1.0,1.0,2.0,3.0,4.0,3.0,3.0,3.0,2.0,2.0,3.0,3.0,4.0,5.0,5.0,5.0,7.0,8.0,8.0,8.0,7.0,9.0,12.0,14.0,13.0,14.0,14.0,16.0,18.0,19.0,18.0,18.0,20.0,19.0,20.0,28.0,29.0,33.0,35.0,35.0,37.0,36.0,41.0,43.0,44.0,43.0,43.0,37.0,37.0,34.0,36.0,34.0,36.0,31.0,31.0,33.0,31.0,32.0,33.0,29.0,27.0,27.0,25.0
0.0,0.0,0.0,0.0,0.0,0.0,0.0,0.0,0.0,0.0,0.0,0.0,0.0,0.0,0.0,0.0,0.0,0.0,1.0,1.0,1.0,1.0,1.0,1.0,2.0,2.0,1.0,0.0,0.0,0.0,0.0,0.0,0.0,1.0,1.0,1.0,1.0,2.0,5.0,7.0,7.0,5.0,7.0,11.0,13.0,13.0,13.0,15.0,15.0,21.0,25.0,26.0,30.0,33.0,33.0,34.0,39.0,42.0,48.0,48.0,53.0,54.0,53.0,57.0,57.0,56.0,56.0,57.0,58.0,59.0,59.0,56.0,57.0,53.0,55.0,54.0,51.0,52.0,51.0,51.0,48.0,47.0,49.0,48.0
0.0,0.0,0.0,0.0,0.0,0.0,0.0,0.0,0.0,0.0,0.0,1.0,1.0,0.0,0.0,0.0,1.0,1.0,2.0,2.0,2.0,2.0,2.0,2.0,2.0,3.0,3.0,4.0,4.0,6.0,6.0,5.0,5.0,6.0,10.0,10.0,9.0,10.0,10.0,10.0,10.0,9.0,7.0,7.0,10.0,14.0,17.0,20.0,24.0,24.0,31.0,34.0,40.0,43.0,43.0,46.0,54.0,60.0,62.0,66.0,74.0,75.0,78.0,86.0,91.0,93.0,86.0,84.0,83.0,82.0,80.0,76.0,78.0,79.0,81.0,79.0,80.0,74.0,68.0,65.0,63.0,66.0,68.0,67.0
0.0,0.0,0.0,0.0,0.0,0.0,0.0,0.0,0.0,2.0,2.0,2.0,2.0,2.0,2.0,1.0,1.0,1.0,1.0,1.0,1.0,1.0,1.0,2.0,2.0,2.0,2.0,2.0,2.0,2.0,2.0,3.0,4.0,3.0,2.0,2.0,2.0,2.0,2.0,3.0,5.0,7.0,7.0,8.0,10.0,11.0,13.0,16.0,14.0,16.0,18.0,20.0,21.0,27.0,27.0,33.0,35.0,38.0,40.0,43.0,42.0,41.0,38.0,39.0,36.0,40.0,39.0,42.0,37.0,40.0,39.0,38.0,35.0,36.0,34.0,32.0,28.0,29.0,29.0,29.0,28.0,29.0,27.0,28.0
0.0,0.0,0.0,0.0,0.0,0.0,0.0,0.0,0.0,0.0,0.0,0.0,0.0,0.0,0.0,0.0,0.0,0.0,0.0,0.0,1.0,1.0,1.0,2.0,1.0,1.0,1.0,1.0,1.0,1.0,1.0,1.0,1.0,1.0,1.0,1.0,1.0,1.0,2.0,4.0,4.0,4.0,4.0,4.0,3.0,3.0,3.0,6.0,7.0,8.0,9.0,10.0,11.0,12.0,17.0,20.0,25.0,27.0,24.0,23.0,24.0,25.0,23.0,25.0,25.0,30.0,31.0,27.0,26.0,28.0,28.0,29.0,28.0,26.0,25.0,25.0,25.0,23.0,21.0,21.0,22.0,23.0,23.0,21.0
0.0,0.0,0.0,0.0,1.0,1.0,0.0,0.0,0.0,0.0,0.0,0.0,0.0,0.0,0.0,0.0,0.0,0.0,1.0,1.0,1.0,1.0,1.0,1.0,1.0,1.0,2.0,2.0,1.0,0.0,0.0,1.0,1.0,3.0,4.0,4.0,4.0,3.0,4.0,6.0,6.0,4.0,4.0,4.0,5.0,6.0,4.0,6.0,7.0,10.0,11.0,13.0,12.0,12.0,14.0,14.0,19.0,16.0,20.0,20.0,23.0,22.0,22.0,24.0,25.0,26.0,28.0,26.0,26.0,24.0,23.0,23.0,22.0,21.0,21.0,21.0,21.0,19.0,21.0,19.0,19.0,19.0,21.0,19.0
0.0,0.0,0.0,0.0,0.0,0.0,0.0,0.0,0.0,0.0,0.0,0.0,0.0,0.0,0.0,0.0,0.0,0.0,0.0,0.0,0.0,0.0,0.0,0.0,0.0,0.0,0.0,0.0,2.0,2.0,2.0,0.0,0.0,1.0,2.0,3.0,3.0,4.0,4.0,5.0,7.0,8.0,12.0,13.0,15.0,17.0,16.0,18.0,19.0,25.0,23.0,30.0,29.0,32.0,35.0,35.0,47.0,45.0,45.0,50.0,54.0,60.0,69.0,69.0,66.0,68.0,66.0,67.0,68.0,71.0,66.0,65.0,64.0,61.0,62.0,59.0,59.0,55.0,52.0,51.0,54.0,55.0,52.0,51.0
0.0,0.0,0.0,0.0,0.0,0.0,0.0,0.0,0.0,0.0,0.0,0.0,0.0,0.0,0.0,0.0,0.0,0.0,0.0,0.0,0.0,0.0,0.0,1.0,1.0,1.0,1.0,0.0,0.0,0.0,0.0,0.0,0.0,0.0,0.0,0.0,0.0,0.0,0.0,0.0,0.0,0.0,0.0,0.0,0.0,0.0,0.0,0.0,0.0,0.0,0.0,0.0,0.0,0.0,0.0,0.0,0.0,0.0,0.0,0.0,0.0,0.0,0.0,0.0,0.0,0.0,0.0,0.0,0.0,0.0,0.0,0.0,0.0,0.0,0.0,0.0,0.0,0.0,0.0,0.0,0.0,0.0,0.0,0.0
0.0,0.0,0.0,0.0,0.0,0.0,0.0,0.0,0.0,0.0,0.0,1.0,1.0,1.0,1.0,1.0,1.0,1.0,1.0,1.0,1.0,1.0,1.0,1.0,1.0,1.0,1.0,1.0,1.0,1.0,1.0,1.0,1.0,1.0,1.0,1.0,1.0,1.0,1.0,1.0,1.0,1.0,1.0,2.0,2.0,3.0,4.0,4.0,5.0,5.0,6.0,6.0,7.0,9.0,10.0,10.0,13.0,12.0,14.0,15.0,15.0,16.0,14.0,14.0,16.0,16.0,16.0,15.0,15.0,18.0,15.0,16.0,14.0,14.0,12.0,12.0,12.0,12.0,10.0,11.0,11.0,12.0,11.0,11.0
0.0,0.0,0.0,0.0,0.0,0.0,0.0,0.0,0.0,0.0,0.0,0.0,0.0,0.0,0.0,0.0,0.0,0.0,1.0,1.0,1.0,1.0,1.0,1.0,1.0,2.0,2.0,1.0,1.0,1.0,1.0,1.0,1.0,1.0,1.0,1.0,1.0,1.0,1.0,1.0,1.0,0.0,0.0,0.0,0.0,0.0,0.0,0.0,0.0,0.0,0.0,0.0,0.0,0.0,0.0,0.0,0.0,0.0,0.0,0.0,0.0,0.0,0.0,0.0,0.0,0.0,0.0,0.0,0.0,0.0,0.0,0.0,0.0,0.0,0.0,0.0,0.0,0.0,0.0,0.0,0.0,0.0,0.0,0.0
0.0,0.0,0.0,0.0,0.0,0.0,0.0,0.0,1.0,1.0,1.0,2.0,2.0,3.0,4.0,4.0,3.0,3.0,2.0,2.0,2.0,2.0,2.0,2.0,1.0,1.0,1.0,1.0,2.0,2.0,3.0,3.0,3.0,3.0,3.0,3.0,2.0,2.0,1.0,1.0,1.0,0.0,0.0,0.0,0.0,1.0,1.0,2.0,2.0,2.0,2.0,2.0,2.0,3.0,3.0,3.0,3.0,4.0,5.0,3.0,4.0,3.0,3.0,3.0,3.0,3.0,3.0,2.0,1.0,0.0,0.0,0.0,0.0,0.0,0.0,0.0,0.0,0.0,0.0,0.0,0.0,0.0,0.0,0.0
0.0,0.0,0.0,0.0,0.0,0.0,0.0,0.0,1.0,1.0,1.0,1.0,1.0,1.0,1.0,1.0,1.0,1.0,1.0,1.0,0.0,1.0,1.0,1.0,0.0,0.0,0.0,1.0,2.0,3.0,4.0,5.0,5.0,6.0,6.0,6.0,7.0,7.0,7.0,7.0,9.0,10.0,11.0,10.0,10.0,10.0,11.0,14.0,14.0,15.0,17.0,19.0,20.0,25.0,27.0,31.0,32.0,34.0,40.0,38.0,43.0,45.0,45.0,42.0,44.0,39.0,38.0,35.0,34.0,37.0,35.0,37.0,36.0,37.0,36.0,37.0,33.0,32.0,32.0,31.0,32.0,31.0,28.0,27.0
0.0,0.0,0.0,0.0,0.0,0.0,0.0,0.0,0.0,0.0,0.0,0.0,0.0,0.0,1.0,1.0,1.0,0.0,0.0,1.0,2.0,4.0,4.0,3.0,3.0,3.0,3.0,3.0,3.0,3.0,2.0,2.0,2.0,2.0,2.0,3.0,3.0,3.0,3.0,3.0,3.0,6.0,5.0,4.0,4.0,3.0,3.0,7.0,8.0,8.0,9.0,12.0,12.0,13.0,16.0,18.0,22.0,21.0,22.0,22.0,23.0,24.0,25.0,25.0,24.0,26.0,27.0,29.0,29.0,30.0,28.0,25.0,24.0,26.0,27.0,26.0,27.0,28.0,27.0,26.0,25.0,23.0,23.0,20.0
0.0,0.0,0.0,0.0,0.0,0.0,0.0,0.0,0.0,0.0,0.0,0.0,0.0,0.0,0.0,0.0,1.0,1.0,2.0,2.0,2.0,2.0,2.0,3.0,3.0,3.0,4.0,5.0,4.0,4.0,3.0,3.0,3.0,3.0,3.0,3.0,4.0,5.0,7.0,7.0,8.0,7.0,8.0,9.0,9.0,11.0,12.0,12.0,13.0,18.0,21.0,26.0,26.0,32.0,30.0,36.0,36.0,38.0,42.0,43.0,45.0,46.0,44.0,43.0,48.0,43.0,41.0,39.0,37.0,36.0,35.0,32.0,32.0,31.0,32.0,32.0,30.0,27.0,27.0,28.0,27.0,27.0,25.0,24.0
0.0,0.0,0.0,0.0,0.0,0.0,0.0,0.0,0.0,1.0,1.0,1.0,1.0,1.0,1.0,1.0,1.0,2.0,2.0,2.0,1.0,1.0,1.0,2.0,2.0,2.0,3.0,3.0,4.0,5.0,5.0,6.0,7.0,8.0,12.0,12.0,15.0,15.0,14.0,13.0,12.0,13.0,19.0,17.0,21.0,18.0,19.0,25.0,28.0,35.0,34.0,35.0,42.0,47.0,51.0,61.0,64.0,72.0,75.0,71.0,70.0,73.0,79.0,81.0,80.0,85.0,81.0,84.0,85.0,82.0,82.0,85.0,89.0,86.0,85.0,83.0,86.0,83.0,78.0,79.0,71.0,70.0,66.0,67.0
0.0,0.0,0.0,0.0,0.0,0.0,0.0,0.0,0.0,0.0,0.0,0.0,1.0,1.0,2.0,2.0,2.0,2.0,2.0,1.0,1.0,1.0,1.0,1.0,1.0,1.0,1.0,1.0,3.0,4.0,5.0,5.0,6.0,5.0,5.0,5.0,6.0,6.0,6.0,7.0,7.0,7.0,8.0,9.0,8.0,11.0,13.0,15.0,15.0,16.0,15.0,16.0,19.0,27.0,28.0,27.0,28.0,30.0,35.0,36.0,34.0,32.0,35.0,38.0,38.0,37.0,37.0,35.0,36.0,35.0,37.0,38.0,37.0,37.0,38.0,37.0,35.0,36.0,35.0,31.0,32.0,30.0,31.0,31.0
0.0,0.0,0.0,0.0,0.0,0.0,0.0,0.0,0.0,0.0,0.0,0.0,0.0,1.0,1.0,1.0,1.0,1.0,1.0,1.0,1.0,0.0,0.0,0.0,0.0,2.0,2.0,2.0,2.0,1.0,1.0,1.0,2.0,2.0,2.0,2.0,3.0,3.0,3.0,3.0,4.0,3.0,3.0,3.0,4.0,2.0,3.0,3.0,4.0,5.0,6.0,8.0,8.0,7.0,9.0,8.0,11.0,12.0,12.0,12.0,12.0,9.0,12.0,12.0,14.0,15.0,14.0,15.0,14.0,12.0,10.0,11.0,12.0,13.0,12.0,16.0,16.0,14.0,14.0,13.0,12.0,11.0,13.0,13.0
0.0,0.0,0.0,0.0,0.0,0.0,0.0,0.0,0.0,0.0,0.0,0.0,0.0,0.0,0.0,0.0,0.0,0.0,0.0,0.0,0.0,0.0,0.0,0.0,0.0,0.0,0.0,0.0,1.0,1.0,1.0,3.0,4.0,4.0,4.0,3.0,4.0,5.0,6.0,6.0,8.0,8.0,10.0,11.0,14.0,15.0,16.0,18.0,21.0,21.0,22.0,19.0,22.0,26.0,31.0,31.0,30.0,31.0,30.0,34.0,31.0,39.0,40.0,38.0,36.0,38.0,40.0,40.0,42.0,43.0,44.0,43.0,44.0,42.0,41.0,39.0,37.0,37.0,33.0,31.0,30.0,31.0,27.0,26.0
0.0,0.0,0.0,0.0,0.0,0.0,0.0,0.0,0.0,0.0,0.0,0.0,0.0,0.0,0.0,0.0,0.0,0.0,0.0,0.0,0.0,0.0,0.0,0.0,1.0,2.0,2.0,2.0,2.0,2.0,2.0,1.0,3.0,6.0,6.0,7.0,9.0,9.0,9.0,11.0,11.0,13.0,14.0,14.0,14.0,17.0,20.0,22.0,22.0,27.0,27.0,25.0,27.0,25.0,31.0,30.0,30.0,29.0,34.0,38.0,38.0,42.0,42.0,40.0,46.0,48.0,51.0,51.0,50.0,51.0,52.0,51.0,50.0,51.0,47.0,46.0,45.0,43.0,43.0,41.0,38.0,38.0,39.0,37.0
0.0,0.0,0.0,0.0,0.0,0.0,0.0,0.0,0.0,0.0,0.0,0.0,0.0,1.0,3.0,3.0,2.0,2.0,2.0,2.0,3.0,3.0,2.0,2.0,3.0,3.0,3.0,6.0,7.0,6.0,7.0,8.0,8.0,11.0,11.0,13.0,12.0,12.0,13.0,20.0,21.0,23.0,23.0,24.0,28.0,30.0,29.0,29.0,33.0,38.0,43.0,49.0,57.0,63.0,68.0,76.0,73.0,77.0,80.0,91.0,92.0,89.0,94.0,96.0,94.0,98.0,101.0,103.0,98.0,97.0,100.0,99.0,95.0,88.0,85.0,86.0,86.0,83.0,80.0,78.0,73.0,73.0,73.0,72.0
0.0,0.0,0.0,0.0,0.0,0.0,0.0,0.0,0.0,0.0,1.0,1.0,1.0,1.0,0.0,0.0,0.0,0.0,1.0,1.0,1.0,1.0,1.0,1.0,1.0,1.0,0.0,0.0,2.0,1.0,2.0,3.0,3.0,2.0,2.0,2.0,1.0,1.0,1.0,2.0,3.0,5.0,5.0,5.0,5.0,4.0,4.0,7.0,8.0,9.0,9.0,10.0,11.0,12.0,18.0,22.0,23.0,27.0,31.0,34.0,37.0,37.0,38.0,36.0,38.0,36.0,34.0,36.0,37.0,38.0,37.0,34.0,33.0,33.0,32.0,33.0,32.0,30.0,29.0,29.0,30.0,29.0,26.0,27.0
0.0,0.0,0.0,0.0,0.0,0.0,0.0,0.0,0.0,0.0,0.0,0.0,0.0,0.0,0.0,0.0,0.0,0.0,0.0,0.0,0.0,1.0,0.0,0.0,0.0,0.0,0.0,1.0,1.0,1.0,2.0,2.0,3.0,2.0,5.0,5.0,5.0,6.0,5.0,5.0,6.0,9.0,12.0,12.0,13.0,15.0,16.0,18.0,23.0,21.0,24.0,27.0,27.0,25.0,27.0,32.0,37.0,38.0,39.0,42.0,47.0,52.0,54.0,55.0,55.0,56.0,60.0,65.0,65.0,64.0,62.0,61.0,64.0,63.0,60.0,58.0,57.0,52.0,51.0,47.0,48.0,51.0,50.0,50.0
0.0,0.0,0.0,0.0,0.0,1.0,1.0,1.0,1.0,1.0,1.0,0.0,0.0,0.0,0.0,0.0,0.0,0.0,0.0,0.0,0.0,0.0,0.0,0.0,1.0,1.0,0.0,0.0,0.0,0.0,0.0,1.0,1.0,2.0,4.0,6.0,9.0,10.0,11.0,13.0,13.0,17.0,22.0,23.0,21.0,26.0,33.0,38.0,41.0,40.0,51.0,56.0,61.0,64.0,67.0,77.0,81.0,84.0,88.0,83.0,89.0,92.0,92.0,95.0,98.0,92.0,95.0,88.0,90.0,96.0,95.0,92.0,88.0,87.0,90.0,86.0,83.0,83.0,82.0,77.0,72.0,68.0,66.0,63.0
0.0,0.0,0.0,0.0,0.0,0.0,0.0,0.0,0.0,0.0,0.0,0.0,0.0,0.0,0.0,1.0,2.0,2.0,2.0,2.0,2.0,2.0,3.0,3.0,3.0,3.0,3.0,3.0,4.0,4.0,4.0,4.0,4.0,4.0,4.0,3.0,3.0,3.0,3.0,3.0,4.0,5.0,5.0,6.0,6.0,6.0,7.0,7.0,9.0,10.0,10.0,10.0,10.0,8.0,9.0,9.0,11.0,13.0,15.0,14.0,13.0,16.0,16.0,17.0,15.0,16.0,15.0,16.0,17.0,17.0,14.0,13.0,13.0,12.0,13.0,12.0,12.0,12.0,10.0,11.0,11.0,11.0,11.0,10.0
0.0,0.0,0.0,0.0,0.0,0.0,0.0,0.0,0.0,0.0,0.0,0.0,0.0,0.0,0.0,0.0,0.0,0.0,0.0,0.0,0.0,0.0,0.0,0.0,0.0,0.0,0.0,0.0,0.0,0.0,0.0,0.0,0.0,0.0,0.0,0.0,0.0,1.0,0.0,0.0,0.0,0.0,1.0,1.0,2.0,2.0,2.0,2.0,2.0,2.0,2.0,2.0,2.0,2.0,2.0,3.0,4.0,4.0,6.0,8.0,8.0,11.0,10.0,9.0,9.0,10.0,13.0,13.0,15.0,13.0,12.0,12.0,11.0,11.0,11.0,12.0,12.0,12.0,10.0,10.0,9.0,9.0,9.0,9.0
0.0,0.0,0.0,0.0,0.0,0.0,0.0,0.0,0.0,0.0,1.0,1.0,1.0,0.0,0.0,0.0,0.0,0.0,0.0,0.0,0.0,0.0,0.0,0.0,0.0,0.0,0.0,0.0,0.0,1.0,1.0,1.0,2.0,3.0,3.0,2.0,2.0,1.0,4.0,5.0,7.0,8.0,10.0,9.0,8.0,12.0,14.0,16.0,20.0,21.0,25.0,24.0,25.0,25.0,26.0,24.0,23.0,27.0,30.0,31.0,33.0,32.0,32.0,35.0,35.0,34.0,38.0,40.0,37.0,36.0,37.0,38.0,37.0,39.0,38.0,37.0,31.0,32.0,32.0,32.0,32.0,33.0,32.0,30.0
0.0,0.0,0.0,0.0,0.0,0.0,0.0,0.0,0.0,0.0,0.0,0.0,0.0,0.0,0.0,0.0,0.0,0.0,0.0,0.0,0.0,0.0,0.0,0.0,0.0,0.0,1.0,1.0,1.0,1.0,2.0,2.0,2.0,2.0,2.0,5.0,6.0,8.0,9.0,10.0,11.0,11.0,11.0,13.0,13.0,15.0,17.0,19.0,22.0,26.0,28.0,29.0,35.0,39.0,41.0,48.0,50.0,57.0,57.0,59.0,60.0,65.0,65.0,68.0,68.0,60.0,59.0,61.0,61.0,63.0,56.0,56.0,56.0,51.0,43.0,39.0,36.0,35.0,34.0,35.0,33.0,36.0,35.0,36.0
0.0,0.0,0.0,0.0,0.0,0.0,0.0,0.0,0.0,0.0,0.0,0.0,0.0,0.0,0.0,0.0,0.0,0.0,0.0,0.0,0.0,0.0,0.0,0.0,0.0,0.0,1.0,1.0,1.0,1.0,1.0,0.0,0.0,0.0,0.0,0.0,1.0,1.0,0.0,1.0,1.0,1.0,1.0,1.0,1.0,1.0,1.0,2.0,2.0,2.0,2.0,2.0,4.0,5.0,6.0,8.0,8.0,8.0,8.0,8.0,7.0,6.0,6.0,6.0,7.0,7.0,7.0,7.0,6.0,5.0,4.0,4.0,4.0,3.0,3.0,2.0,1.0,1.0,1.0,1.0,1.0,1.0,1.0,1.0
0.0,0.0,0.0,0.0,0.0,0.0,0.0,0.0,0.0,0.0,0.0,0.0,0.0,0.0,0.0,0.0,0.0,0.0,0.0,0.0,1.0,1.0,1.0,1.0,3.0,3.0,4.0,4.0,5.0,3.0,2.0,2.0,2.0,2.0,1.0,2.0,4.0,3.0,2.0,2.0,4.0,5.0,5.0,7.0,8.0,10.0,13.0,14.0,14.0,15.0,18.0,21.0,26.0,27.0,27.0,27.0,29.0,33.0,34.0,38.0,41.0,40.0,42.0,40.0,40.0,41.0,42.0,44.0,45.0,45.0,45.0,49.0,51.0,51.0,47.0,49.0,51.0,50.0,45.0,44.0,41.0,39.0,36.0,36.0
0.0,0.0,0.0,0.0,0.0,0.0,0.0,0.0,0.0,0.0,0.0,0.0,0.0,0.0,0.0,0.0,0.0,1.0,1.0,1.0,2.0,3.0,4.0,4.0,4.0,5.0,4.0,5.0,5.0,5.0,4.0,5.0,5.0,6.0,6.0,7.0,8.0,8.0,8.0,9.0,9.0,8.0,10.0,12.0,14.0,14.0,17.0,18.0,24.0,28.0,32.0,39.0,46.0,52.0,50.0,60.0,63.0,68.0,73.0,79.0,84.0,86.0,89.0,93.0,95.0,97.0,98.0,97.0,103.0,102.0,97.0,95.0,90.0,91.0,91.0,87.0,78.0,78.0,75.0,73.0,69.0,69.0,65.0,65.0
0.0,0.0,0.0,0.0,0.0,0.0,0.0,0.0,0.0,0.0,0.0,0.0,0.0,0.0,0.0,0.0,0.0,0.0,0.0,0.0,0.0,0.0,0.0,0.0,0.0,0.0,0.0,0.0,1.0,1.0,1.0,1.0,2.0,3.0,5.0,6.0,5.0,4.0,10.0,10.0,11.0,13.0,15.0,17.0,18.0,16.0,18.0,21.0,26.0,32.0,35.0,39.0,44.0,49.0,57.0,59.0,62.0,66.0,70.0,76.0,84.0,85.0,88.0,92.0,88.0,83.0,82.0,82.0,80.0,79.0,76.0,74.0,75.0,75.0,74.0,75.0,63.0,62.0,60.0,58.0,57.0,56.0,53.0,51.0
0.0,0.0,0.0,0.0,0.0,0.0,0.0,0.0,0.0,1.0,1.0,1.0,1.0,1.0,1.0,1.0,1.0,1.0,0.0,0.0,0.0,0.0,0.0,0.0,0.0,0.0,1.0,1.0,1.0,2.0,2.0,2.0,2.0,3.0,4.0,4.0,4.0,4.0,4.0,5.0,6.0,4.0,5.0,6.0,6.0,6.0,8.0,9.0,9.0,8.0,9.0,9.0,11.0,15.0,16.0,21.0,23.0,25.0,30.0,33.0,36.0,35.0,37.0,39.0,38.0,38.0,42.0,43.0,39.0,37.0,36.0,35.0,36.0,36.0,36.0,33.0,33.0,33.0,31.0,33.0,34.0,33.0,33.0,33.0
0.0,0.0,0.0,0.0,0.0,0.0,0.0,0.0,0.0,0.0,0.0,0.0,0.0,0.0,0.0,0.0,0.0,0.0,0.0,1.0,2.0,2.0,2.0,2.0,3.0,3.0,1.0,1.0,1.0,1.0,1.0,2.0,3.0,3.0,3.0,3.0,5.0,6.0,9.0,10.0,10.0,11.0,14.0,16.0,14.0,16.0,20.0,25.0,25.0,28.0,29.0,31.0,39.0,47.0,51.0,55.0,62.0,59.0,59.0,63.0,61.0,62.0,62.0,69.0,75.0,76.0,83.0,82.0,81.0,81.0,81.0,81.0,83.0,85.0,85.0,85.0,84.0,80.0,74.0,73.0,71.0,68.0,67.0,66.0
0.0,0.0,0.0,0.0,0.0,0.0,0.0,0.0,0.0,0.0,1.0,0.0,0.0,0.0,0.0,0.0,0.0,0.0,0.0,0.0,0.0,2.0,2.0,3.0,3.0,3.0,3.0,2.0,2.0,2.0,2.0,2.0,2.0,2.0,2.0,2.0,4.0,4.0,4.0,4.0,4.0,4.0,4.0,4.0,4.0,4.0,3.0,2.0,2.0,2.0,2.0,2.0,3.0,4.0,5.0,6.0,6.0,6.0,5.0,7.0,6.0,7.0,6.0,6.0,5.0,5.0,5.0,5.0,5.0,5.0,5.0,5.0,5.0,5.0,6.0,6.0,6.0,6.0,5.0,4.0,4.0,4.0,4.0,3.0
0.0,0.0,0.0,0.0,0.0,0.0,0.0,0.0,0.0,0.0,0.0,0.0,0.0,1.0,1.0,1.0,1.0,1.0,1.0,1.0,1.0,1.0,1.0,1.0,1.0,1.0,1.0,1.0,1.0,0.0,0.0,0.0,0.0,0.0,0.0,0.0,0.0,0.0,1.0,2.0,2.0,2.0,2.0,2.0,3.0,3.0,2.0,3.0,3.0,3.0,3.0,2.0,3.0,3.0,4.0,6.0,5.0,6.0,6.0,6.0,6.0,7.0,5.0,4.0,4.0,3.0,3.0,3.0,4.0,4.0,4.0,4.0,4.0,4.0,5.0,5.0,5.0,4.0,3.0,3.0,3.0,3.0,2.0,3.0
0.0,0.0,0.0,0.0,0.0,0.0,0.0,0.0,0.0,0.0,0.0,0.0,1.0,1.0,1.0,1.0,1.0,1.0,1.0,2.0,2.0,2.0,1.0,2.0,1.0,1.0,3.0,3.0,3.0,2.0,2.0,2.0,2.0,2.0,4.0,4.0,4.0,4.0,5.0,6.0,7.0,6.0,8.0,8.0,8.0,11.0,12.0,15.0,17.0,20.0,22.0,25.0,29.0,31.0,30.0,35.0,33.0,35.0,37.0,37.0,37.0,40.0,43.0,46.0,45.0,45.0,47.0,46.0,46.0,41.0,40.0,35.0,33.0,37.0,33.0,35.0,37.0,33.0,33.0,34.0,36.0,33.0,35.0,33.0
