0.0	0.0	0.0	1.0	1.0	1.0	1.0	1.0	1.0	2.0	2.0	2.0	2.0	3.0	5.0	9.0	9.0	10.0	16.0	19.0	20.0	26.0	30.0	35.0	41.0	43.0	46.0	63.0	72.0	84.0	97.0	110.0	122.0	149.0	175.0	197.0	223.0	261.0	304.0	358.0	420.0	505.0	606.0	714.0	842.0	992.0	1162.0	1388.0	1657.0	1971.0	2318.0	2691.0	3152.0	3722.0	4353.0	5124.0	5974.0	6924.0	8080.0	9434.0	11012.0	12861.0	14952.0	17295.0	20012.0	23096.0	26515.0	30348.0	34727.0	39617.0	44960.0	50754.0	57117.0	63969.0	71320.0	79044.0	87236.0	95703.0	104592.0	113456.0	122585.0	131771.0	140846.0	149910.0	158651.0	167140.0	175419.0	183184.0	190548.0	197515.0	204075.0	210168.0	215949.0	221195.0	226054.0	230569.0	234631.0	238444.0	241867.0	244896.0	247735.0	250294.0	252562.0	254560.0	256428.0	258120.0	259520.0	260842.0	262073.0	263105.0	263999.0	264815.0	265597.0	266228.0	266864.0	267358.0	267797.0	268187.0
0.0	0.0	0.0	0.0	0.0	0.0	1.0	1.0	4.0	4.0	5.0	7.0	7.0	8.0	8.0	12.0	17.0	23.0	24.0	28.0	32.0	40.0	46.0	50.0	57.0	63.0	72.0	83.0	94.0	102.0	116.0	130.0	152.0	175.0	199.0	228.0	256.0	306.0	356.0	417.0	480.0	530.0	636.0	756.0	863.0	1007.0	1161.0	1368.0	1593.0	1848.0	2143.0	2512.0	2966.0	3463.0	4078.0	4756.0	5522.0	6445.0	7500.0	8708.0	10059.0	11642.0	13436.0	15436.0	17893.0	20499.0	23569.0	27004.0	30822.0	35198.0	40061.0	45233.0	51203.0	57543.0	64388.0	71826.0	79712.0	88000.0	96568.0	105417.0	114538.0	123648.0	132865.0	141996.0	150820.0	159792.0	168309.0	176607.0	184395.0	191930.0	198996.0	205698.0	211762.0	217484.0	222643.0	227560.0	231710.0	235680.0	239396.0	242598.0	245675.0	248353.0	250771.0	252979.0	254896.0	256659.0	258201.0	259535.0	260737.0	261841.0	262860.0	263740.0	264562.0	265357.0	265998.0	266565.0	267114.0	267574.0
0.0	0.0	0.0	0.0	0.0	1.0	2.0	3.0	5.0	6.0	7.0	9.0	9.0	10.0	12.0	16.0	18.0	23.0	29.0	35.0	42.0	52.0	57.0	63.0	75.0	87.0	101.0	118.0	143.0	172.0	206.0	243.0	293.0	334.0	393.0	466.0	544.0	632.0	732.0	890.0	1064.0	1217.0	1440.0	1677.0	1980.0	2294.0	2697.0	3157.0	3722.0	4409.0	5132.0	5996.0	6994.0	8218.0	9527.0	11037.0	12852.0	14933.0	17328.0	19944.0	22971.0	26345.0	30015.0	34309.0	38974.0	44132.0	49850.0	56094.0	62868.0	69999.0	77819.0	85937.0	94462.0	103364.0	112384.0	121588.0	130877.0	140044.0	148987.0	158009.0	166555.0	174807.0	182660.0	190282.0	197363.0	204146.0	210326.0	216077.0	221524.0	226320.0	230801.0	234984.0	238744.0	242096.0	245151.0	247871.0	250461.0	252678.0	254609.0	256452.0	258095.0	259594.0	260890.0	262031.0	263002.0	263908.0	264775.0	265481.0	266091.0	266654.0	267156.0	267609.0	268027.0	268362.0	268691.0	268957.0	269184.0	269422.0
0.0	0.0	0.0	0.0	0.0	0.0	1.0	3.0	4.0	6.0	8.0	10.0	10.0	14.0	14.0	16.0	18.0	22.0	25.0	31.0	39.0	49.0	58.0	73.0	84.0	102.0	117.0	139.0	166.0	200.0	239.0	293.0	350.0	411.0	491.0	586.0	690.0	796.0	939.0	1127.0	1352.0	1605.0	1916.0	2258.0	2649.0	3115.0	3659.0	4273.0	5017.0	5851.0	6872.0	8064.0	9463.0	11002.0	12862.0	14937.0	17326.0	20105.0	23076.0	26498.0	30189.0	34522.0	39273.0	44558.0	50330.0	56533.0	63262.0	70517.0	78311.0	86482.0	95154.0	104067.0	112979.0	122194.0	131375.0	140505.0	149561.0	158604.0	167166.0	175522.0	183493.0	191059.0	198197.0	204965.0	211191.0	216922.0	222147.0	227125.0	231654.0	235750.0	239505.0	242968.0	246050.0	248872.0	251405.0	253683.0	255740.0	257561.0	259216.0	260693.0	262016.0	263193.0	264180.0	265126.0	265922.0	266708.0	267349.0	267931.0	268434.0	268905.0	269311.0	269648.0	269999.0	270284.0	270544.0	270788.0	270975.0	271172.0
0.0	0.0	0.0	0.0	0.0	0.0	0.0	1.0	3.0	4.0	5.0	7.0	8.0	11.0	13.0	17.0	20.0	27.0	33.0	38.0	51.0	61.0	80.0	93.0	104.0	116.0	148.0	175.0	206.0	245.0	291.0	332.0	390.0	458.0	549.0	644.0	763.0	891.0	1044.0	1258.0	1498.0	1754.0	2074.0	2385.0	2836.0	3340.0	3978.0	4649.0	5422.0	6313.0	7351.0	8573.0	9969.0	11624.0	13554.0	15742.0	18171.0	21005.0	24188.0	27802.0	31735.0	36304.0	41324.0	46849.0	52857.0	59334.0	66319.0	73924.0	81960.0	90354.0	99032.0	107917.0	117046.0	126144.0	135462.0	144401.0	153415.0	162128.0	170596.0	178805.0	186469.0	193761.0	200660.0	207222.0	213321.0	218933.0	224195.0	228972.0	233315.0	237154.0	240683.0	243963.0	246885.0	249580.0	251990.0	254097.0	256196.0	257905.0	259420.0	260769.0	262008.0	263047.0	264054.0	264954.0	265814.0	266506.0	267159.0	267693.0	268230.0	268677.0	269071.0	269424.0	269768.0	270022.0	270279.0	270506.0	270700.0	270876.0
0.0	0.0	0.0	0.0	0.0	0.0	2.0	3.0	4.0	7.0	8.0	9.0	9.0	10.0	13.0	15.0	17.0	21.0	23.0	27.0	31.0	36.0	43.0	53.0	61.0	84.0	106.0	131.0	151.0	167.0	188.0	225.0	273.0	315.0	367.0	443.0	518.0	618.0	720.0	863.0	1019.0	1215.0	1447.0	1712.0	2076.0	2436.0	2878.0	3358.0	3961.0	4654.0	5496.0	6456.0	7545.0	8879.0	10383.0	12075.0	14028.0	16274.0	18817.0	21560.0	24832.0	28473.0	32466.0	37041.0	42075.0	47596.0	53592.0	60099.0	67195.0	74707.0	82565.0	90809.0	99510.0	108378.0	117280.0	126671.0	135983.0	145198.0	154337.0	163001.0	171322.0	179481.0	187256.0	194502.0	201374.0	207940.0	214078.0	219749.0	224967.0	229644.0	233968.0	238054.0	241659.0	244996.0	247923.0	250561.0	253013.0	255121.0	257089.0	258810.0	260401.0	261801.0	262972.0	264049.0	265003.0	265877.0	266670.0	267413.0	268063.0	268642.0	269102.0	269538.0	269893.0	270226.0	270518.0	270794.0	271042.0	271280.0
0.0	0.0	0.0	0.0	0.0	0.0	0.0	2.0	2.0	3.0	5.0	6.0	8.0	9.0	11.0	14.0	16.0	18.0	19.0	20.0	22.0	24.0	24.0	27.0	27.0	33.0	39.0	43.0	49.0	55.0	68.0	76.0	90.0	107.0	125.0	144.0	163.0	198.0	229.0	258.0	293.0	329.0	377.0	436.0	503.0	595.0	704.0	803.0	936.0	1104.0	1288.0	1530.0	1818.0	2133.0	2478.0	2929.0	3377.0	3953.0	4607.0	5374.0	6224.0	7334.0	8497.0	9847.0	11401.0	13190.0	15238.0	17602.0	20285.0	23343.0	26952.0	30781.0	35071.0	39766.0	45015.0	50916.0	57033.0	63794.0	71003.0	78811.0	86899.0	95246.0	104025.0	113085.0	122282.0	131565.0	140750.0	149827.0	158661.0	167168.0	175330.0	182987.0	190404.0	197464.0	204138.0	210240.0	215871.0	221207.0	226062.0	230472.0	234510.0	238209.0	241674.0	244728.0	247484.0	249969.0	252213.0	254247.0	256175.0	257832.0	259267.0	260580.0	261757.0	262811.0	263701.0	264527.0	265261.0	265906.0
0.0	0.0	0.0	0.0	1.0	1.0	2.0	2.0	3.0	4.0	5.0	9.0	11.0	11.0	14.0	21.0	22.0	24.0	33.0	34.0	38.0	43.0	54.0	62.0	72.0	81.0	105.0	120.0	133.0	154.0	184.0	210.0	242.0	270.0	316.0	370.0	427.0	512.0	589.0	682.0	814.0	962.0	1159.0	1360.0	1628.0	1936.0	2279.0	2694.0	3150.0	3686.0	4321.0	5035.0	5853.0	6806.0	7934.0	9285.0	10792.0	12493.0	14476.0	16644.0	19266.0	22200.0	25506.0	29231.0	33427.0	37979.0	43042.0	48564.0	54730.0	61436.0	68497.0	76115.0	84058.0	92379.0	101039.0	110043.0	119099.0	128185.0	137195.0	146315.0	155207.0	163918.0	172378.0	180472.0	188113.0	195336.0	202206.0	208623.0	214428.0	219835.0	224868.0	229624.0	233820.0	237722.0	241290.0	244469.0	247434.0	250042.0	252479.0	254610.0	256486.0	258235.0	259730.0	261093.0	262348.0	263476.0	264424.0	265289.0	266099.0	266823.0	267434.0	267976.0	268470.0	268885.0	269233.0	269568.0	269856.0	270103.0
0.0	0.0	0.0	0.0	0.0	1.0	3.0	4.0	4.0	4.0	6.0	6.0	7.0	9.0	12.0	13.0	15.0	16.0	17.0	18.0	21.0	25.0	30.0	35.0	40.0	40.0	47.0	62.0	76.0	90.0	106.0	121.0	138.0	161.0	185.0	228.0	269.0	308.0	368.0	437.0	512.0	588.0	668.0	777.0	911.0	1057.0	1216.0	1451.0	1689.0	1982.0	2312.0	2704.0	3175.0	3708.0	4326.0	5022.0	5857.0	6809.0	7921.0	9120.0	10548.0	12183.0	14062.0	16225.0	18733.0	21539.0	24769.0	28361.0	32419.0	36863.0	41912.0	47367.0	53331.0	60055.0	67129.0	74704.0	82802.0	91200.0	99919.0	108859.0	117803.0	126999.0	136139.0	145329.0	154252.0	162863.0	171274.0	179268.0	186927.0	194048.0	200920.0	207331.0	213437.0	219067.0	224226.0	228865.0	233129.0	236918.0	240529.0	243785.0	246683.0	249393.0	251791.0	253881.0	255829.0	257522.0	259008.0	260359.0	261590.0	262686.0	263655.0	264512.0	265259.0	265900.0	266482.0	266987.0	267482.0	267911.0
0.0	0.0	0.0	0.0	0.0	0.0	1.0	1.0	1.0	2.0	5.0	7.0	7.0	10.0	16.0	17.0	18.0	21.0	27.0	37.0	44.0	53.0	62.0	72.0	86.0	102.0	115.0	129.0	141.0	161.0	182.0	213.0	240.0	281.0	322.0	374.0	444.0	515.0	638.0	734.0	860.0	992.0	1168.0	1346.0	1581.0	1853.0	2167.0	2503.0	2917.0	3422.0	3958.0	4577.0	5365.0	6270.0	7322.0	8543.0	9992.0	11654.0	13574.0	15751.0	18203.0	21062.0	24171.0	27710.0	31819.0	36306.0	41334.0	46927.0	52873.0	59305.0	66298.0	73826.0	81697.0	90041.0	98793.0	107687.0	116804.0	126043.0	135249.0	144395.0	153356.0	162052.0	170279.0	178508.0	186101.0	193362.0	200336.0	206842.0	212985.0	218747.0	223822.0	228622.0	232954.0	236831.0	240330.0	243540.0	246463.0	249141.0	251561.0	253750.0	255644.0	257435.0	258989.0	260326.0	261596.0	262699.0	263690.0	264610.0	265395.0	266092.0	266721.0	267275.0	267740.0	268197.0	268583.0	268955.0	269295.0	269579.0
0.0	0.0	0.0	0.0	0.0	0.0	0.0	1.0	3.0	3.0	3.0	4.0	5.0	6.0	7.0	10.0	11.0	13.0	16.0	19.0	24.0	29.0	37.0	41.0	47.0	56.0	67.0	78.0	95.0	102.0	122.0	144.0	163.0	195.0	239.0	279.0	335.0	392.0	455.0	558.0	652.0	769.0	914.0	1078.0	1280.0	1506.0	1783.0	2078.0	2475.0	2913.0	3400.0	4001.0	4677.0	5546.0	6447.0	7505.0	8663.0	10031.0	11694.0	13510.0	15676.0	18126.0	20890.0	24008.0	27463.0	31383.0	35856.0	40832.0	46284.0	52438.0	58899.0	65737.0	73323.0	81179.0	89476.0	98156.0	107247.0	116286.0	125587.0	134648.0	143765.0	152942.0	161739.0	170219.0	178309.0	185976.0	193386.0	200349.0	206886.0	212966.0	218462.0	223636.0	228474.0	232755.0	236699.0	240315.0	243538.0	246467.0	249136.0	251628.0	253778.0	255706.0	257407.0	258910.0	260271.0	261377.0	262455.0	263478.0	264339.0	265125.0	265777.0	266389.0	266963.0	267451.0	267839.0	268221.0	268563.0	268867.0
0.0	0.0	0.0	0.0	0.0	1.0	2.0	2.0	2.0	3.0	3.0	5.0	7.0	9.0	13.0	16.0	18.0	22.0	26.0	29.0	38.0	44.0	56.0	64.0	74.0	87.0	102.0	115.0	137.0	161.0	191.0	238.0	281.0	327.0	385.0	440.0	520.0	609.0	738.0	859.0	1018.0	1206.0	1423.0	1663.0	1953.0	2307.0	2718.0	3201.0	3796.0	4467.0	5286.0	6248.0	7334.0	8587.0	10048.0	11663.0	13502.0	15687.0	18214.0	21093.0	24257.0	27893.0	32025.0	36600.0	41729.0	47365.0	53342.0	59972.0	67216.0	74781.0	82863.0	91369.0	100109.0	109183.0	118215.0	127563.0	136670.0	145825.0	154609.0	163348.0	171753.0	179756.0	187548.0	194792.0	201573.0	208002.0	214054.0	219507.0	224594.0	229343.0	233608.0	237505.0	241068.0	244307.0	247374.0	249962.0	252244.0	254381.0	256290.0	257917.0	259434.0	260788.0	262025.0	263112.0	264076.0	264900.0	265672.0	266326.0	266886.0	267417.0	267849.0	268314.0	268695.0	269028.0	269322.0	269598.0	269844.0	270071.0
0.0	0.0	0.0	0.0	0.0	1.0	2.0	3.0	4.0	4.0	4.0	6.0	6.0	7.0	12.0	15.0	18.0	27.0	36.0	44.0	52.0	58.0	67.0	83.0	94.0	121.0	147.0	168.0	189.0	218.0	255.0	302.0	343.0	384.0	451.0	518.0	614.0	711.0	857.0	1016.0	1190.0	1388.0	1666.0	1961.0	2296.0	2726.0	3194.0	3753.0	4389.0	5140.0	6032.0	7047.0	8343.0	9743.0	11339.0	13361.0	15595.0	18112.0	20955.0	24090.0	27722.0	31662.0	35987.0	40890.0	46223.0	52259.0	58782.0	65661.0	72993.0	80831.0	89147.0	97790.0	106738.0	115777.0	124945.0	134045.0	143151.0	152059.0	160817.0	169324.0	177548.0	185358.0	192797.0	199646.0	206304.0	212295.0	217900.0	223095.0	227977.0	232395.0	236365.0	240071.0	243457.0	246456.0	249195.0	251661.0	253743.0	255715.0	257479.0	259043.0	260523.0	261818.0	262914.0	263883.0	264785.0	265542.0	266309.0	266920.0	267494.0	268024.0	268445.0	268819.0	269148.0	269440.0	269707.0	269922.0	270117.0	270305.0
0.0	0.0	0.0	0.0	0.0	0.0	0.0	0.0	1.0	1.0	3.0	6.0	12.0	15.0	16.0	22.0	28.0	35.0	44.0	63.0	72.0	97.0	112.0	138.0	163.0	189.0	219.0	263.0	293.0	341.0	405.0	485.0	573.0	676.0	801.0	957.0	1120.0	1306.0	1529.0	1799.0	2110.0	2511.0	2911.0	3438.0	4074.0	4781.0	5622.0	6578.0	7695.0	8999.0	10558.0	12284.0	14259.0	16496.0	19171.0	22239.0	25712.0	29508.0	33810.0	38589.0	43784.0	49512.0	55857.0	62605.0	69907.0	77719.0	85990.0	94579.0	103697.0	113021.0	122395.0	131713.0	140884.0	149911.0	158918.0	167617.0	175954.0	183916.0	191593.0	198709.0	205379.0	211594.0	217434.0	222683.0	227570.0	232044.0	236166.0	239898.0	243286.0	246371.0	249184.0	251713.0	253874.0	255817.0	257648.0	259272.0	260715.0	262036.0	263184.0	264173.0	265064.0	265831.0	266531.0	267180.0	267737.0	268193.0	268627.0	269058.0	269386.0	269717.0	269983.0	270213.0	270429.0	270639.0	270808.0	270967.0	271096.0	271199.0
0.0	0.0	0.0	0.0	0.0	0.0	1.0	2.0	3.0	5.0	7.0	8.0	8.0	11.0	13.0	15.0	23.0	28.0	34.0	38.0	49.0	60.0	65.0	78.0	93.0	112.0	131.0	155.0	187.0	226.0	256.0	299.0	355.0	406.0	488.0	575.0	705.0	825.0	967.0	1133.0	1320.0	1537.0	1798.0	2113.0	2484.0	2922.0	3392.0	3988.0	4676.0	5534.0	6413.0	7445.0	8668.0	10089.0	11765.0	13652.0	15821.0	18276.0	21073.0	24263.0	27881.0	31958.0	36401.0	41451.0	47017.0	52924.0	59375.0	66340.0	73824.0	81756.0	89973.0	98651.0	107643.0	116860.0	125927.0	135139.0	144192.0	153160.0	161953.0	170511.0	178737.0	186339.0	193687.0	200590.0	207071.0	213269.0	218958.0	224197.0	228790.0	233192.0	237221.0	240882.0	244235.0	247050.0	249688.0	252153.0	254387.0	256381.0	258146.0	259738.0	261173.0	262412.0	263525.0	264531.0	265413.0	266192.0	266897.0	267518.0	268101.0	268593.0	269015.0	269424.0	269778.0	270110.0	270389.0	270663.0	270881.0	271091.0
0.0	0.0	0.0	0.0	0.0	0.0	1.0	4.0	5.0	6.0	6.0	6.0	8.0	8.0	9.0	11.0	16.0	18.0	22.0	25.0	28.0	35.0	41.0	52.0	63.0	79.0	99.0	121.0	143.0	174.0	197.0	236.0	285.0	337.0	403.0	471.0	535.0	633.0	733.0	886.0	1030.0	1195.0	1390.0	1628.0	1896.0	2193.0	2570.0	2971.0	3519.0	4104.0	4818.0	5657.0	6623.0	7726.0	9039.0	10455.0	12116.0	14027.0	16184.0	18673.0	21489.0	24565.0	28115.0	32005.0	36438.0	41457.0	46975.0	52936.0	59332.0	66219.0	73545.0	81401.0	89523.0	98197.0	107183.0	116228.0	125307.0	134474.0	143702.0	152800.0	161514.0	169976.0	178094.0	185798.0	193180.0	200086.0	206572.0	212581.0	218145.0	223376.0	228195.0	232535.0	236492.0	240093.0	243397.0	246331.0	249049.0	251495.0	253722.0	255685.0	257407.0	258978.0	260441.0	261739.0	262862.0	263836.0	264762.0	265636.0	266341.0	266979.0	267530.0	268090.0	268542.0	268927.0	269284.0	269599.0	269869.0	270109.0
0.0	0.0	0.0	0.0	0.0	0.0	1.0	1.0	1.0	1.0	2.0	4.0	6.0	6.0	6.0	7.0	7.0	7.0	12.0	13.0	17.0	23.0	24.0	28.0	34.0	41.0	48.0	54.0	60.0	66.0	80.0	94.0	110.0	129.0	142.0	166.0	194.0	225.0	257.0	288.0	344.0	398.0	468.0	542.0	643.0	735.0	868.0	1008.0	1173.0	1352.0	1612.0	1876.0	2179.0	2557.0	2974.0	3491.0	4078.0	4756.0	5585.0	6501.0	7567.0	8788.0	10196.0	11815.0	13729.0	15876.0	18140.0	20947.0	24051.0	27500.0	31536.0	36060.0	40891.0	46161.0	52106.0	58327.0	65388.0	72838.0	80759.0	88763.0	97303.0	106197.0	115246.0	124554.0	133808.0	142851.0	151779.0	160739.0	169190.0	177410.0	185237.0	192567.0	199681.0	206245.0	212259.0	217878.0	223090.0	227913.0	232384.0	236379.0	240022.0	243334.0	246229.0	248922.0	251437.0	253579.0	255578.0	257301.0	258892.0	260269.0	261460.0	262578.0	263611.0	264517.0	265348.0	266015.0	266672.0	267243.0
0.0	0.0	0.0	0.0	0.0	0.0	0.0	1.0	1.0	4.0	5.0	7.0	11.0	14.0	19.0	24.0	28.0	35.0	38.0	49.0	59.0	75.0	84.0	98.0	118.0	137.0	164.0	198.0	244.0	286.0	335.0	391.0	460.0	558.0	662.0	784.0	917.0	1071.0	1254.0	1491.0	1733.0	2027.0	2397.0	2804.0	3311.0	3888.0	4549.0	5347.0	6260.0	7316.0	8595.0	10017.0	11686.0	13583.0	15781.0	18248.0	21065.0	24145.0	27703.0	31625.0	36075.0	40957.0	46597.0	52572.0	58952.0	66087.0	73550.0	81473.0	89850.0	98413.0	107257.0	116292.0	125391.0	134627.0	143692.0	152537.0	161370.0	169911.0	178082.0	185761.0	193083.0	200034.0	206558.0	212645.0	218197.0	223355.0	228079.0	232506.0	236465.0	240058.0	243294.0	246344.0	249089.0	251482.0	253626.0	255639.0	257416.0	258914.0	260363.0	261640.0	262760.0	263769.0	264662.0	265469.0	266203.0	266832.0	267370.0	267856.0	268281.0	268656.0	269004.0	269314.0	269601.0	269842.0	270069.0	270256.0	270411.0	270581.0
0.0	0.0	0.0	0.0	0.0	0.0	1.0	1.0	2.0	2.0	3.0	7.0	11.0	14.0	15.0	20.0	23.0	29.0	38.0	44.0	51.0	57.0	68.0	80.0	101.0	120.0	142.0	158.0	190.0	240.0	285.0	346.0	405.0	452.0	532.0	631.0	733.0	884.0	1042.0	1226.0	1448.0	1689.0	1935.0	2300.0	2727.0	3200.0	3750.0	4416.0	5208.0	6123.0	7117.0	8327.0	9710.0	11365.0	13253.0	15298.0	17655.0	20332.0	23438.0	26974.0	30930.0	35351.0	40176.0	45649.0	51540.0	57999.0	64909.0	72435.0	80350.0	88592.0	97155.0	105979.0	114835.0	124081.0	133109.0	142282.0	151329.0	160113.0	168475.0	176634.0	184557.0	191973.0	199050.0	205605.0	211681.0	217440.0	222728.0	227538.0	232009.0	235950.0	239548.0	242966.0	245945.0	248669.0	251175.0	253350.0	255357.0	257155.0	258825.0	260254.0	261557.0	262692.0	263725.0	264668.0	265525.0	266259.0	266906.0	267500.0	267993.0	268429.0	268813.0	269199.0	269548.0	269850.0	270124.0	270337.0	270533.0	270714.0
0.0	0.0	0.0	0.0	1.0	1.0	2.0	5.0	5.0	7.0	7.0	9.0	13.0	15.0	17.0	22.0	27.0	28.0	31.0	37.0	45.0	58.0	64.0	72.0	91.0	102.0	129.0	154.0	183.0	220.0	259.0	310.0	380.0	433.0	519.0	616.0	712.0	837.0	998.0	1182.0	1384.0	1632.0	1914.0	2248.0	2656.0	3126.0	3698.0	4336.0	5085.0	5925.0	6936.0	8092.0	9396.0	10992.0	12800.0	14852.0	17307.0	19963.0	22920.0	26391.0	30219.0	34645.0	39326.0	44554.0	50388.0	56678.0	63522.0	70785.0	78537.0	86734.0	95386.0	104160.0	113124.0	122235.0	131263.0	140514.0	149497.0	158489.0	167041.0	175446.0	183402.0	191048.0	198201.0	204829.0	211004.0	216731.0	222027.0	226951.0	231443.0	235614.0	239341.0	242667.0	245785.0	248631.0	251112.0	253404.0	255525.0	257394.0	258966.0	260410.0	261719.0	262811.0	263856.0	264793.0	265586.0	266296.0	266980.0	267575.0	268090.0	268557.0	268935.0	269330.0	269636.0	269914.0	270166.0	270395.0	270609.0	270808.0
0.0	0.0	0.0	0.0	1.0	1.0	2.0	2.0	4.0	4.0	5.0	6.0	9.0	12.0	15.0	17.0	22.0	30.0	38.0	47.0	60.0	72.0	101.0	112.0	130.0	151.0	179.0	207.0	235.0	274.0	322.0	382.0	441.0	500.0	596.0	707.0	839.0	993.0	1185.0	1405.0	1636.0	1933.0	2266.0	2691.0	3163.0	3703.0	4360.0	5118.0	5973.0	7007.0	8178.0	9567.0	11135.0	12879.0	14978.0	17380.0	19967.0	23069.0	26492.0	30217.0	34527.0	39349.0	44740.0	50538.0	56826.0	63612.0	70826.0	78464.0	86517.0	94938.0	103807.0	112839.0	121893.0	131232.0	140489.0	149532.0	158387.0	166860.0	175202.0	183261.0	190880.0	197839.0	204575.0	210838.0	216566.0	221971.0	226929.0	231310.0	235375.0	239092.0	242515.0	245504.0	248336.0	250823.0	253086.0	255088.0	256876.0	258549.0	259999.0	261338.0	262529.0	263522.0	264425.0	265244.0	265927.0	266588.0	267137.0	267643.0	268110.0	268518.0	268866.0	269199.0	269498.0	269737.0	269954.0	270161.0	270338.0	270507.0
0.0	0.0	0.0	0.0	0.0	0.0	1.0	1.0	1.0	2.0	3.0	4.0	4.0	10.0	10.0	13.0	15.0	17.0	22.0	29.0	37.0	47.0	60.0	77.0	90.0	104.0	121.0	143.0	169.0	210.0	250.0	289.0	345.0	398.0	464.0	545.0	640.0	754.0	882.0	1033.0	1207.0	1432.0	1706.0	2006.0	2365.0	2782.0	3310.0	3896.0	4543.0	5289.0	6169.0	7288.0	8540.0	9958.0	11623.0	13527.0	15622.0	18032.0	20859.0	24085.0	27645.0	31640.0	36090.0	41088.0	46575.0	52572.0	59093.0	65947.0	73463.0	81332.0	89407.0	98025.0	106871.0	115984.0	125175.0	134357.0	143590.0	152388.0	161062.0	169496.0	177802.0	185569.0	192832.0	199781.0	206178.0	212277.0	217877.0	223123.0	228023.0	232432.0	236372.0	240030.0	243281.0	246226.0	248862.0	251296.0	253488.0	255410.0	257200.0	258764.0	260185.0	261452.0	262575.0	263536.0	264427.0	265224.0	265940.0	266546.0	267092.0	267609.0	268032.0	268388.0	268732.0	269030.0	269327.0	269567.0	269783.0	269976.0
0.0	0.0	0.0	0.0	0.0	0.0	1.0	1.0	1.0	3.0	5.0	5.0	7.0	8.0	9.0	10.0	11.0	14.0	17.0	17.0	18.0	22.0	25.0	27.0	29.0	35.0	41.0	41.0	48.0	54.0	60.0	69.0	81.0	90.0	103.0	119.0	144.0	162.0	197.0	222.0	253.0	294.0	332.0	386.0	453.0	530.0	609.0	688.0	819.0	972.0	1142.0	1306.0	1543.0	1777.0	2066.0	2400.0	2805.0	3311.0	3843.0	4490.0	5224.0	6030.0	7031.0	8194.0	9393.0	10832.0	12470.0	14384.0	16682.0	19218.0	22056.0	25196.0	28870.0	33090.0	37650.0	42740.0	48328.0	54250.0	60749.0	67627.0	75266.0	83221.0	91744.0	100599.0	109385.0	118491.0	127704.0	136845.0	146003.0	154735.0	163426.0	171885.0	179933.0	187645.0	194952.0	201775.0	208150.0	214145.0	219666.0	224702.0	229276.0	233453.0	237252.0	240863.0	243995.0	246960.0	249539.0	251850.0	253957.0	255801.0	257523.0	259057.0	260369.0	261590.0	262676.0	263610.0	264494.0	265260.0
0.0	0.0	0.0	0.0	0.0	0.0	2.0	4.0	4.0	9.0	9.0	9.0	13.0	14.0	21.0	24.0	30.0	38.0	48.0	63.0	72.0	90.0	115.0	134.0	160.0	187.0	224.0	260.0	298.0	343.0	410.0	472.0	534.0	617.0	709.0	834.0	977.0	1126.0	1328.0	1559.0	1823.0	2148.0	2529.0	2938.0	3443.0	4030.0	4695.0	5541.0	6427.0	7530.0	8799.0	10257.0	11944.0	13902.0	16143.0	18721.0	21742.0	25065.0	28660.0	32705.0	37359.0	42471.0	48033.0	53967.0	60613.0	67788.0	75282.0	83346.0	91873.0	100655.0	109455.0	118564.0	127631.0	136725.0	145781.0	154883.0	163694.0	172166.0	180051.0	187804.0	195067.0	201866.0	208326.0	214359.0	219903.0	225057.0	229798.0	234091.0	237997.0	241458.0	244658.0	247573.0	250151.0	252532.0	254632.0	256510.0	258213.0	259780.0	261134.0	262406.0	263457.0	264424.0	265258.0	266015.0	266683.0	267300.0	267894.0	268390.0	268805.0	269174.0	269517.0	269802.0	270063.0	270301.0	270483.0	270667.0	270846.0	270970.0
0.0	0.0	0.0	0.0	0.0	0.0	1.0	2.0	3.0	3.0	3.0	3.0	4.0	5.0	5.0	7.0	8.0	10.0	11.0	12.0	15.0	17.0	17.0	20.0	22.0	24.0	26.0	36.0	42.0	51.0	57.0	68.0	79.0	100.0	122.0	139.0	153.0	177.0	199.0	229.0	262.0	316.0	360.0	412.0	479.0	545.0	648.0	780.0	917.0	1087.0	1285.0	1516.0	1763.0	2084.0	2425.0	2855.0	3319.0	3906.0	4612.0	5422.0	6307.0	7368.0	8597.0	10020.0	11605.0	13461.0	15521.0	18097.0	20905.0	23992.0	27495.0	31543.0	35913.0	40918.0	46476.0	52444.0	59030.0	66015.0	73510.0	81518.0	89898.0	98601.0	107630.0	116705.0	125860.0	134968.0	144009.0	152911.0	161757.0	170310.0	178490.0	186262.0	193659.0	200442.0	206935.0	212933.0	218527.0	223646.0	228449.0	232789.0	236685.0	240298.0	243609.0	246602.0	249166.0	251609.0	253752.0	255589.0	257318.0	258858.0	260240.0	261475.0	262604.0	263533.0	264370.0	265153.0	265859.0	266513.0
0.0	0.0	0.0	0.0	0.0	0.0	0.0	3.0	4.0	4.0	4.0	4.0	5.0	7.0	9.0	11.0	13.0	17.0	20.0	25.0	28.0	31.0	37.0	43.0	53.0	62.0	69.0	77.0	92.0	113.0	132.0	157.0	199.0	234.0	282.0	334.0	399.0	465.0	547.0	653.0	769.0	893.0	1054.0	1245.0	1471.0	1732.0	2014.0	2332.0	2708.0	3170.0	3740.0	4336.0	5047.0	5891.0	6866.0	8008.0	9299.0	10787.0	12526.0	14484.0	16730.0	19322.0	22195.0	25474.0	29143.0	33340.0	38054.0	43213.0	48870.0	54937.0	61783.0	68928.0	76645.0	84676.0	93114.0	102007.0	111060.0	120244.0	129405.0	138563.0	147735.0	156766.0	165450.0	173848.0	181974.0	189700.0	196880.0	203796.0	210150.0	216045.0	221279.0	226230.0	230824.0	234971.0	238942.0	242470.0	245614.0	248505.0	251057.0	253291.0	255374.0	257216.0	258894.0	260323.0	261684.0	262871.0	263966.0	264902.0	265731.0	266484.0	267122.0	267707.0	268275.0	268748.0	269127.0	269490.0	269822.0	270100.0
0.0	0.0	0.0	0.0	1.0	1.0	2.0	4.0	4.0	5.0	6.0	8.0	9.0	12.0	12.0	14.0	15.0	18.0	26.0	33.0	39.0	46.0	53.0	59.0	64.0	76.0	83.0	92.0	101.0	124.0	142.0	171.0	212.0	246.0	282.0	345.0	408.0	479.0	557.0	652.0	751.0	892.0	1035.0	1218.0	1425.0	1666.0	1975.0	2301.0	2692.0	3149.0	3708.0	4318.0	5068.0	5914.0	6916.0	8071.0	9413.0	10947.0	12689.0	14749.0	17048.0	19753.0	22585.0	26012.0	29782.0	34034.0	38738.0	44018.0	49882.0	56064.0	62859.0	70106.0	78008.0	86105.0	94599.0	103240.0	112360.0	121513.0	130544.0	139754.0	148930.0	157823.0	166292.0	174645.0	182658.0	190297.0	197219.0	203894.0	210148.0	215915.0	221344.0	226375.0	230838.0	234917.0	238608.0	241969.0	245059.0	247803.0	250344.0	252566.0	254598.0	256412.0	258016.0	259434.0	260726.0	261869.0	262930.0	263812.0	264628.0	265376.0	266050.0	266638.0	267159.0	267623.0	268019.0	268397.0	268738.0	269000.0
0.0	0.0	0.0	1.0	1.0	2.0	2.0	3.0	4.0	4.0	6.0	7.0	9.0	11.0	13.0	17.0	21.0	27.0	34.0	46.0	53.0	66.0	78.0	91.0	99.0	127.0	150.0	172.0	200.0	230.0	266.0	311.0	356.0	415.0	498.0	598.0	713.0	839.0	982.0	1137.0	1333.0	1551.0	1819.0	2133.0	2469.0	2878.0	3382.0	3973.0	4606.0	5362.0	6265.0	7411.0	8609.0	10074.0	11651.0	13528.0	15731.0	18187.0	20939.0	24019.0	27556.0	31526.0	35942.0	40905.0	46143.0	51972.0	58336.0	65204.0	72676.0	80567.0	88678.0	97282.0	106258.0	115351.0	124551.0	133871.0	142845.0	151917.0	160741.0	169172.0	177309.0	185158.0	192652.0	199795.0	206395.0	212528.0	218113.0	223323.0	228152.0	232524.0	236526.0	240091.0	243396.0	246538.0	249278.0	251785.0	253940.0	255887.0	257592.0	259142.0	260504.0	261789.0	262916.0	263944.0	264884.0	265732.0	266443.0	267085.0	267658.0	268140.0	268573.0	268965.0	269307.0	269617.0	269887.0	270111.0	270327.0	270497.0
0.0	0.0	0.0	0.0	1.0	2.0	2.0	3.0	3.0	4.0	8.0	8.0	11.0	12.0	13.0	16.0	18.0	23.0	26.0	30.0	34.0	47.0	61.0	73.0	85.0	103.0	123.0	148.0	171.0	205.0	243.0	277.0	336.0	404.0	488.0	582.0	713.0	824.0	990.0	1177.0	1399.0	1621.0	1937.0	2250.0	2670.0	3146.0	3695.0	4310.0	5023.0	5897.0	6844.0	8049.0	9422.0	11005.0	12788.0	14845.0	17173.0	19794.0	22793.0	26144.0	29966.0	34115.0	38842.0	44057.0	49679.0	55945.0	62758.0	69946.0	77475.0	85471.0	93797.0	102574.0	111601.0	120713.0	129807.0	138883.0	147917.0	156752.0	165268.0	173542.0	181317.0	188950.0	196018.0	202638.0	208929.0	214804.0	220058.0	225053.0	229500.0	233721.0	237490.0	240963.0	244092.0	246959.0	249620.0	251970.0	253996.0	255878.0	257603.0	259110.0	260470.0	261594.0	262666.0	263632.0	264471.0	265269.0	265980.0	266626.0	267185.0	267643.0	268093.0	268482.0	268817.0	269078.0	269347.0	269609.0	269808.0	269985.0
0.0	0.0	0.0	0.0	0.0	0.0	0.0	2.0	3.0	5.0	7.0	8.0	11.0	13.0	16.0	22.0	26.0	34.0	42.0	52.0	59.0	69.0	78.0	92.0	108.0	124.0	146.0	160.0	183.0	215.0	250.0	280.0	326.0	366.0	434.0	515.0	593.0	679.0	778.0	911.0	1063.0	1246.0	1465.0	1722.0	2029.0	2359.0	2750.0	3259.0	3817.0	4462.0	5279.0	6160.0	7215.0	8458.0	9825.0	11449.0	13301.0	15398.0	17751.0	20526.0	23573.0	27103.0	31039.0	35435.0	40457.0	45891.0	51866.0	58140.0	65076.0	72523.0	80414.0	88699.0	97280.0	106206.0	115471.0	124761.0	133992.0	143110.0	152219.0	161147.0	169589.0	177814.0	185790.0	193305.0	200213.0	206913.0	213116.0	218805.0	224066.0	228830.0	233116.0	237173.0	240866.0	244158.0	247133.0	249847.0	252207.0	254411.0	256311.0	258040.0	259549.0	260993.0	262225.0	263357.0	264356.0	265237.0	265998.0	266760.0	267396.0	267970.0	268448.0	268881.0	269251.0	269604.0	269921.0	270239.0	270507.0	270735.0
0.0	0.0	0.0	0.0	0.0	3.0	3.0	4.0	4.0	5.0	6.0	6.0	7.0	10.0	10.0	12.0	13.0	15.0	17.0	20.0	23.0	26.0	33.0	38.0	41.0	45.0	52.0	66.0	71.0	84.0	95.0	109.0	133.0	159.0	181.0	203.0	239.0	282.0	322.0	373.0	439.0	519.0	620.0	739.0	864.0	1009.0	1182.0	1392.0	1646.0	1950.0	2283.0	2672.0	3144.0	3724.0	4370.0	5138.0	6008.0	6988.0	8121.0	9453.0	11034.0	12819.0	14967.0	17344.0	19963.0	23057.0	26487.0	30372.0	34603.0	39507.0	44889.0	50787.0	57150.0	64012.0	71335.0	79207.0	87486.0	96069.0	104951.0	114183.0	123316.0	132477.0	141676.0	150877.0	159786.0	168358.0	176669.0	184477.0	191822.0	198797.0	205549.0	211782.0	217505.0	222796.0	227518.0	231988.0	236083.0	239778.0	243159.0	246178.0	248984.0	251476.0	253635.0	255657.0	257454.0	259065.0	260423.0	261735.0	262909.0	263985.0	264908.0	265688.0	266413.0	267017.0	267562.0	268058.0	268484.0	268847.0
0.0	0.0	0.0	0.0	0.0	1.0	1.0	1.0	2.0	3.0	5.0	6.0	8.0	11.0	13.0	18.0	22.0	29.0	34.0	40.0	48.0	59.0	76.0	86.0	98.0	115.0	140.0	165.0	183.0	214.0	251.0	293.0	339.0	405.0	474.0	545.0	617.0	738.0	885.0	1039.0	1216.0	1427.0	1668.0	1956.0	2289.0	2706.0	3167.0	3711.0	4362.0	5112.0	6048.0	7115.0	8236.0	9669.0	11257.0	13053.0	15087.0	17421.0	20107.0	23161.0	26609.0	30498.0	34788.0	39511.0	44878.0	50732.0	57047.0	63748.0	71106.0	79016.0	87309.0	95991.0	104903.0	113989.0	123155.0	132408.0	141673.0	150880.0	159780.0	168494.0	176782.0	184561.0	191976.0	198973.0	205554.0	211802.0	217438.0	222800.0	227715.0	232224.0	236295.0	239935.0	243245.0	246238.0	248967.0	251460.0	253751.0	255712.0	257430.0	259069.0	260499.0	261812.0	262936.0	263941.0	264862.0	265643.0	266333.0	267003.0	267517.0	268019.0	268442.0	268833.0	269166.0	269502.0	269757.0	269991.0	270209.0	270417.0
0.0	0.0	0.0	0.0	0.0	1.0	2.0	2.0	2.0	3.0	4.0	4.0	4.0	5.0	8.0	9.0	10.0	12.0	14.0	14.0	15.0	18.0	23.0	28.0	33.0	36.0	48.0	58.0	67.0	77.0	85.0	99.0	113.0	139.0	167.0	201.0	240.0	271.0	325.0	377.0	438.0	497.0	593.0	704.0	824.0	971.0	1147.0	1336.0	1556.0	1810.0	2122.0	2458.0	2906.0	3394.0	4001.0	4648.0	5398.0	6348.0	7370.0	8642.0	9978.0	11667.0	13527.0	15784.0	18252.0	21045.0	24315.0	27928.0	31827.0	36292.0	41377.0	46826.0	52817.0	59348.0	66391.0	74188.0	82111.0	90342.0	99098.0	107899.0	116979.0	125972.0	135207.0	144276.0	153285.0	161921.0	170311.0	178500.0	186245.0	193607.0	200442.0	206893.0	213009.0	218466.0	223561.0	228301.0	232655.0	236615.0	240167.0	243404.0	246399.0	248978.0	251404.0	253611.0	255546.0	257249.0	258799.0	260200.0	261450.0	262536.0	263548.0	264423.0	265170.0	265846.0	266474.0	267065.0	267551.0	267981.0
0.0	0.0	0.0	0.0	0.0	0.0	0.0	0.0	0.0	0.0	1.0	1.0	1.0	1.0	3.0	3.0	6.0	7.0	7.0	12.0	14.0	18.0	22.0	28.0	35.0	41.0	51.0	55.0	68.0	82.0	92.0	107.0	137.0	150.0	194.0	228.0	265.0	312.0	366.0	426.0	509.0	587.0	686.0	804.0	955.0	1141.0	1354.0	1609.0	1871.0	2195.0	2562.0	3046.0	3553.0	4183.0	4879.0	5675.0	6561.0	7617.0	8865.0	10346.0	12021.0	13945.0	16119.0	18646.0	21545.0	24857.0	28541.0	32736.0	37380.0	42525.0	48262.0	54316.0	60962.0	67992.0	75572.0	83544.0	91905.0	100411.0	109413.0	118335.0	127470.0	136694.0	145812.0	154705.0	163477.0	171804.0	179853.0	187436.0	194662.0	201458.0	207817.0	213745.0	219318.0	224345.0	228943.0	233196.0	237091.0	240601.0	243759.0	246508.0	249068.0	251390.0	253479.0	255348.0	256965.0	258453.0	259769.0	260914.0	262019.0	262952.0	263855.0	264622.0	265278.0	265866.0	266383.0	266877.0	267302.0	267698.0
0.0	0.0	0.0	0.0	1.0	1.0	2.0	3.0	3.0	8.0	9.0	10.0	10.0	12.0	15.0	19.0	29.0	37.0	45.0	53.0	68.0	77.0	91.0	109.0	128.0	155.0	176.0	218.0	245.0	276.0	333.0	383.0	445.0	530.0	639.0	771.0	907.0	1060.0	1237.0	1425.0	1659.0	1925.0	2244.0	2646.0	3114.0	3678.0	4289.0	5047.0	5893.0	6908.0	8056.0	9414.0	10848.0	12556.0	14532.0	16890.0	19552.0	22494.0	25954.0	29784.0	33939.0	38651.0	43824.0	49618.0	55833.0	62563.0	69911.0	77612.0	85726.0	94006.0	102722.0	111672.0	120835.0	130112.0	139163.0	148294.0	157073.0	165840.0	174096.0	182084.0	189628.0	196782.0	203437.0	209563.0	215387.0	220795.0	225953.0	230535.0	234627.0	238534.0	241993.0	245240.0	248030.0	250581.0	252856.0	254980.0	256798.0	258458.0	259955.0	261289.0	262493.0	263512.0	264426.0	265274.0	266020.0	266622.0	267209.0	267782.0	268237.0	268642.0	269004.0	269358.0	269661.0	269936.0	270160.0	270381.0	270542.0	270729.0
0.0	0.0	0.0	0.0	0.0	0.0	0.0	0.0	2.0	2.0	2.0	5.0	5.0	7.0	8.0	9.0	13.0	19.0	24.0	27.0	37.0	45.0	53.0	65.0	78.0	88.0	104.0	128.0	151.0	175.0	204.0	255.0	308.0	366.0	433.0	507.0	578.0	704.0	834.0	985.0	1179.0	1376.0	1614.0	1920.0	2256.0	2674.0	3152.0	3678.0	4287.0	5043.0	5930.0	6937.0	8141.0	9473.0	11103.0	12886.0	14907.0	17293.0	19946.0	22997.0	26366.0	30244.0	34520.0	39245.0	44542.0	50251.0	56564.0	63369.0	70621.0	78255.0	86442.0	94945.0	103815.0	112787.0	121768.0	130929.0	140151.0	149205.0	158180.0	166804.0	174958.0	182867.0	190313.0	197382.0	204026.0	210224.0	216013.0	221264.0	226271.0	230848.0	234969.0	238725.0	242138.0	245183.0	248077.0	250575.0	252753.0	254787.0	256607.0	258262.0	259744.0	261099.0	262265.0	263272.0	264220.0	265062.0	265823.0	266489.0	267097.0	267631.0	268149.0	268560.0	268951.0	269309.0	269594.0	269872.0	270119.0	270313.0
0.0	0.0	0.0	0.0	0.0	0.0	1.0	2.0	4.0	6.0	6.0	6.0	7.0	8.0	10.0	12.0	12.0	13.0	14.0	16.0	20.0	23.0	27.0	31.0	36.0	49.0	63.0	77.0	93.0	111.0	140.0	164.0	195.0	237.0	276.0	330.0	395.0	450.0	521.0	613.0	713.0	828.0	989.0	1146.0	1313.0	1551.0	1827.0	2125.0	2478.0	2901.0	3381.0	3954.0	4602.0	5336.0	6220.0	7264.0	8475.0	9782.0	11321.0	13086.0	15073.0	17427.0	20130.0	23149.0	26642.0	30515.0	34821.0	39551.0	44726.0	50514.0	56814.0	63543.0	70797.0	78442.0	86604.0	95096.0	103863.0	112791.0	121997.0	131179.0	140405.0	149488.0	158501.0	167134.0	175467.0	183470.0	191100.0	198296.0	205036.0	211225.0	216887.0	222191.0	227045.0	231510.0	235607.0	239398.0	242742.0	245843.0	248573.0	251037.0	253265.0	255259.0	257024.0	258611.0	260045.0	261380.0	262571.0	263614.0	264537.0	265366.0	266054.0	266742.0	267303.0	267784.0	268246.0	268622.0	268968.0	269299.0
0.0	0.0	0.0	0.0	0.0	0.0	1.0	2.0	2.0	2.0	3.0	3.0	5.0	10.0	13.0	16.0	20.0	25.0	27.0	36.0	49.0	54.0	70.0	84.0	106.0	133.0	168.0	208.0	254.0	305.0	342.0	403.0	483.0	560.0	664.0	793.0	931.0	1090.0	1270.0	1462.0	1725.0	2027.0	2370.0	2744.0	3222.0	3784.0	4421.0	5131.0	5994.0	6997.0	8193.0	9599.0	11173.0	12910.0	14933.0	17222.0	19923.0	22913.0	26285.0	30060.0	34337.0	39196.0	44355.0	50049.0	56293.0	63117.0	70254.0	77878.0	86050.0	94605.0	103404.0	112403.0	121432.0	130411.0	139635.0	148616.0	157289.0	165885.0	174093.0	181990.0	189529.0	196684.0	203391.0	209489.0	215402.0	220760.0	225597.0	230168.0	234337.0	238146.0	241541.0	244628.0	247383.0	249851.0	252109.0	254063.0	255819.0	257517.0	258959.0	260257.0	261485.0	262533.0	263446.0	264270.0	265018.0	265654.0	266252.0	266744.0	267232.0	267644.0	268001.0	268349.0	268607.0	268847.0	269067.0	269259.0	269449.0	269607.0
0.0	0.0	0.0	0.0	0.0	0.0	1.0	1.0	1.0	2.0	5.0	6.0	11.0	13.0	15.0	16.0	21.0	24.0	27.0	30.0	33.0	37.0	47.0	61.0	71.0	84.0	112.0	132.0	156.0	189.0	226.0	266.0	296.0	348.0	419.0	504.0	601.0	696.0	831.0	967.0	1121.0	1311.0	1529.0	1809.0	2137.0	2509.0	2949.0	3477.0	4074.0	4795.0	5653.0	6576.0	7675.0	9017.0	10488.0	12116.0	14118.0	16356.0	18914.0	21804.0	25045.0	28776.0	32870.0	37511.0	42536.0	48111.0	54170.0	60747.0	67942.0	75445.0	83302.0	91618.0	100357.0	109216.0	118395.0	127622.0	136835.0	146035.0	154896.0	163585.0	172035.0	180203.0	187761.0	194997.0	201847.0	208293.0	214297.0	219766.0	224896.0	229586.0	233677.0	237525.0	241069.0	244222.0	247101.0	249639.0	252022.0	254202.0	256048.0	257728.0	259304.0	260613.0	261822.0	262904.0	263857.0	264708.0	265442.0	266100.0	266761.0	267263.0	267759.0	268171.0	268567.0	268879.0	269169.0	269405.0	269639.0	269855.0
0.0	0.0	0.0	0.0	2.0	2.0	2.0	5.0	6.0	6.0	7.0	9.0	10.0	12.0	14.0	17.0	19.0	20.0	20.0	20.0	22.0	23.0	30.0	35.0	42.0	47.0	55.0	67.0	80.0	88.0	105.0	118.0	139.0	165.0	187.0	214.0	249.0	297.0	347.0	415.0	500.0	587.0	679.0	817.0	965.0	1145.0	1355.0	1564.0	1884.0	2180.0	2554.0	3036.0	3521.0	4092.0	4756.0	5532.0	6453.0	7498.0	8659.0	10057.0	11564.0	13345.0	15371.0	17653.0	20299.0	23243.0	26635.0	30423.0	34688.0	39469.0	44653.0	50263.0	56398.0	63230.0	70537.0	78151.0	86197.0	94638.0	103501.0	112450.0	121613.0	130586.0	139559.0	148723.0	157677.0	166338.0	174559.0	182436.0	189992.0	197138.0	203837.0	210157.0	215960.0	221135.0	226064.0	230573.0	234797.0	238530.0	241990.0	245102.0	247923.0	250447.0	252681.0	254674.0	256511.0	258110.0	259640.0	260980.0	262134.0	263211.0	264135.0	264945.0	265731.0	266347.0	266937.0	267419.0	267879.0	268263.0
0.0	0.0	0.0	0.0	0.0	0.0	0.0	0.0	1.0	3.0	4.0	5.0	7.0	8.0	9.0	9.0	11.0	12.0	14.0	17.0	20.0	29.0	31.0	38.0	48.0	53.0	59.0	67.0	82.0	100.0	113.0	132.0	149.0	177.0	212.0	240.0	284.0	322.0	382.0	442.0	519.0	611.0	714.0	837.0	987.0	1145.0	1328.0	1544.0	1814.0	2146.0	2488.0	2921.0	3404.0	3963.0	4634.0	5444.0	6321.0	7332.0	8477.0	9825.0	11338.0	13109.0	15107.0	17437.0	20065.0	23136.0	26560.0	30485.0	34650.0	39430.0	44615.0	50452.0	56795.0	63833.0	71271.0	79170.0	87243.0	95749.0	104563.0	113622.0	122749.0	132054.0	141198.0	150221.0	159090.0	167459.0	175539.0	183558.0	191030.0	197992.0	204646.0	210818.0	216526.0	221724.0	226535.0	230962.0	235080.0	238765.0	242161.0	245158.0	247900.0	250340.0	252677.0	254663.0	256487.0	258163.0	259650.0	260946.0	262117.0	263122.0	263997.0	264827.0	265581.0	266237.0	266830.0	267340.0	267772.0	268180.0
0.0	0.0	0.0	0.0	0.0	0.0	1.0	1.0	4.0	5.0	5.0	5.0	5.0	5.0	5.0	6.0	7.0	8.0	9.0	11.0	11.0	13.0	13.0	16.0	23.0	31.0	37.0	49.0	55.0	65.0	74.0	84.0	96.0	114.0	135.0	168.0	195.0	230.0	264.0	311.0	360.0	429.0	519.0	610.0	713.0	813.0	952.0	1111.0	1323.0	1562.0	1855.0	2156.0	2551.0	3024.0	3596.0	4231.0	4978.0	5829.0	6746.0	7847.0	9052.0	10480.0	12119.0	14018.0	16179.0	18688.0	21426.0	24510.0	28063.0	32005.0	36396.0	41422.0	46976.0	52733.0	59351.0	66385.0	73956.0	81945.0	90261.0	98882.0	107766.0	116975.0	126141.0	135073.0	144127.0	153034.0	161679.0	170049.0	178122.0	185812.0	193077.0	200099.0	206630.0	212707.0	218178.0	223343.0	227956.0	232124.0	235945.0	239571.0	242780.0	245770.0	248419.0	250843.0	253092.0	254962.0	256678.0	258169.0	259612.0	260888.0	261974.0	262967.0	263839.0	264597.0	265308.0	265891.0	266412.0	266859.0
0.0	0.0	0.0	0.0	1.0	1.0	2.0	2.0	3.0	3.0	4.0	5.0	6.0	7.0	7.0	10.0	11.0	15.0	17.0	21.0	26.0	28.0	36.0	45.0	51.0	58.0	71.0	86.0	101.0	120.0	133.0	148.0	180.0	208.0	239.0	283.0	344.0	410.0	479.0	587.0	706.0	814.0	977.0	1183.0	1377.0	1633.0	1922.0	2256.0	2654.0	3108.0	3677.0	4297.0	5097.0	5946.0	6966.0	8095.0	9424.0	10982.0	12775.0	14838.0	17216.0	19860.0	22924.0	26379.0	30209.0	34579.0	39475.0	44733.0	50425.0	56830.0	63780.0	71087.0	78976.0	87296.0	95854.0	104708.0	113711.0	123032.0	131993.0	141239.0	150117.0	159001.0	167652.0	176113.0	184057.0	191537.0	198412.0	204982.0	211236.0	216970.0	222202.0	227037.0	231448.0	235538.0	239371.0	242776.0	245724.0	248572.0	251042.0	253303.0	255355.0	257157.0	258796.0	260241.0	261558.0	262758.0	263785.0	264731.0	265558.0	266285.0	266954.0	267550.0	268051.0	268520.0	268954.0	269378.0	269699.0	269982.0
0.0	0.0	0.0	0.0	0.0	1.0	3.0	5.0	6.0	6.0	6.0	9.0	12.0	17.0	20.0	21.0	29.0	38.0	46.0	56.0	64.0	81.0	96.0	113.0	133.0	161.0	187.0	223.0	258.0	291.0	358.0	417.0	488.0	581.0	691.0	814.0	933.0	1094.0	1270.0	1484.0	1735.0	2021.0	2407.0	2814.0	3256.0	3784.0	4375.0	5120.0	6040.0	7073.0	8271.0	9684.0	11179.0	12924.0	15072.0	17319.0	19971.0	22937.0	26361.0	30270.0	34494.0	39279.0	44442.0	50166.0	56343.0	63054.0	70319.0	78064.0	86169.0	94563.0	103206.0	112208.0	121237.0	130256.0	139215.0	148300.0	157100.0	165685.0	173901.0	181797.0	189408.0	196566.0	203190.0	209483.0	215320.0	220486.0	225444.0	230020.0	234153.0	237936.0	241479.0	244658.0	247463.0	250027.0	252366.0	254492.0	256419.0	258074.0	259566.0	260876.0	262058.0	263196.0	264171.0	265005.0	265734.0	266399.0	266983.0	267493.0	267948.0	268382.0	268751.0	269097.0	269403.0	269679.0	269899.0	270109.0	270292.0	270448.0
0.0	0.0	0.0	0.0	0.0	0.0	0.0	0.0	1.0	1.0	1.0	1.0	2.0	2.0	2.0	3.0	4.0	4.0	6.0	8.0	9.0	9.0	14.0	19.0	21.0	25.0	33.0	36.0	42.0	49.0	61.0	69.0	75.0	84.0	96.0	117.0	139.0	162.0	190.0	215.0	251.0	299.0	349.0	416.0	495.0	564.0	666.0	792.0	935.0	1122.0	1302.0	1549.0	1800.0	2128.0	2505.0	2894.0	3396.0	3967.0	4624.0	5365.0	6224.0	7239.0	8404.0	9721.0	11238.0	12875.0	14986.0	17341.0	20004.0	23024.0	26436.0	30185.0	34466.0	39182.0	44469.0	50211.0	56589.0	63211.0	70375.0	77967.0	86222.0	94815.0	103637.0	112618.0	121715.0	130891.0	140045.0	149022.0	157743.0	166307.0	174749.0	182505.0	189927.0	196984.0	203662.0	209909.0	215706.0	221001.0	225818.0	230364.0	234489.0	238273.0	241617.0	244776.0	247602.0	250079.0	252357.0	254396.0	256261.0	257884.0	259301.0	260689.0	261883.0	262923.0	263824.0	264694.0	265425.0	266057.0
0.0	0.0	0.0	0.0	0.0	1.0	2.0	3.0	3.0	3.0	5.0	7.0	9.0	12.0	14.0	17.0	20.0	23.0	27.0	31.0	32.0	34.0	43.0	53.0	64.0	71.0	83.0	95.0	102.0	118.0	140.0	165.0	188.0	222.0	257.0	302.0	357.0	424.0	490.0	565.0	639.0	739.0	890.0	1050.0	1227.0	1453.0	1717.0	2018.0	2325.0	2718.0	3181.0	3770.0	4459.0	5252.0	6135.0	7140.0	8298.0	9775.0	11373.0	13220.0	15230.0	17601.0	20419.0	23392.0	26810.0	30731.0	35078.0	39952.0	45406.0	51307.0	57682.0	64552.0	71955.0	80115.0	88191.0	96672.0	105602.0	114671.0	123773.0	133045.0	142097.0	150896.0	159589.0	168001.0	176083.0	184001.0	191481.0	198458.0	204991.0	211141.0	216710.0	222031.0	226951.0	231453.0	235456.0	239195.0	242589.0	245624.0	248402.0	250869.0	253152.0	255198.0	256989.0	258512.0	259984.0	261271.0	262458.0	263508.0	264409.0	265198.0	265871.0	266511.0	267077.0	267569.0	268008.0	268402.0	268729.0	269049.0
0.0	0.0	0.0	0.0	1.0	1.0	2.0	3.0	3.0	4.0	4.0	5.0	6.0	8.0	8.0	9.0	13.0	14.0	17.0	19.0	23.0	26.0	32.0	39.0	43.0	48.0	56.0	63.0	73.0	87.0	107.0	120.0	144.0	174.0	201.0	234.0	276.0	328.0	391.0	458.0	542.0	654.0	769.0	903.0	1067.0	1248.0	1430.0	1671.0	1971.0	2317.0	2723.0	3185.0	3737.0	4377.0	5108.0	5960.0	6992.0	8094.0	9419.0	10922.0	12693.0	14733.0	17019.0	19636.0	22588.0	25849.0	29564.0	33786.0	38456.0	43598.0	49318.0	55499.0	62201.0	69315.0	76950.0	85013.0	93321.0	102048.0	110868.0	119976.0	129063.0	138158.0	147112.0	155992.0	164663.0	173014.0	181061.0	188573.0	195648.0	202385.0	208577.0	214490.0	219732.0	224751.0	229286.0	233418.0	237262.0	240727.0	243788.0	246604.0	249133.0	251388.0	253484.0	255313.0	256960.0	258404.0	259749.0	260857.0	261953.0	262838.0	263658.0	264395.0	265048.0	265579.0	266113.0	266578.0	266992.0	267368.0
0.0	0.0	0.0	0.0	0.0	1.0	1.0	2.0	2.0	3.0	3.0	6.0	7.0	8.0	12.0	13.0	13.0	16.0	20.0	22.0	30.0	35.0	40.0	55.0	63.0	74.0	91.0	103.0	121.0	147.0	172.0	208.0	233.0	268.0	314.0	365.0	431.0	514.0	591.0	700.0	817.0	960.0	1124.0	1308.0	1532.0	1788.0	2111.0	2463.0	2943.0	3453.0	4031.0	4696.0	5515.0	6458.0	7598.0	8849.0	10265.0	11986.0	13890.0	16004.0	18515.0	21401.0	24533.0	28143.0	32108.0	36582.0	41547.0	46973.0	53093.0	59641.0	66849.0	74245.0	82306.0	90797.0	99653.0	108494.0	117673.0	126852.0	136056.0	145121.0	154079.0	162865.0	171446.0	179583.0	187463.0	194625.0	201362.0	207823.0	213708.0	219171.0	224237.0	228902.0	233108.0	237041.0	240621.0	243812.0	246722.0	249394.0	251741.0	253799.0	255677.0	257404.0	258967.0	260247.0	261491.0	262549.0	263541.0	264393.0	265156.0	265869.0	266471.0	267014.0	267527.0	267976.0	268352.0	268701.0	269039.0	269327.0
0.0	0.0	0.0	0.0	0.0	2.0	2.0	4.0	4.0	5.0	6.0	8.0	8.0	8.0	9.0	11.0	13.0	16.0	22.0	28.0	31.0	34.0	43.0	53.0	60.0	75.0	93.0	111.0	132.0	161.0	195.0	228.0	268.0	313.0	362.0	431.0	501.0	575.0	661.0	784.0	945.0	1133.0	1318.0	1528.0	1814.0	2150.0	2531.0	2966.0	3512.0	4082.0	4829.0	5658.0	6614.0	7707.0	8982.0	10443.0	12064.0	14058.0	16294.0	18779.0	21597.0	24809.0	28341.0	32464.0	37043.0	42151.0	47790.0	53844.0	60483.0	67569.0	75101.0	83062.0	91583.0	100383.0	109499.0	118678.0	127956.0	137207.0	146344.0	155274.0	163974.0	172426.0	180490.0	188182.0	195422.0	202296.0	208681.0	214648.0	220053.0	225219.0	229873.0	234098.0	237916.0	241340.0	244564.0	247450.0	250050.0	252376.0	254458.0	256359.0	258063.0	259568.0	260938.0	262127.0	263238.0	264203.0	265116.0	265867.0	266552.0	267166.0	267697.0	268144.0	268535.0	268904.0	269222.0	269538.0	269776.0	270005.0
0.0	0.0	0.0	0.0	0.0	0.0	0.0	0.0	0.0	0.0	0.0	1.0	3.0	3.0	4.0	7.0	7.0	9.0	9.0	11.0	13.0	17.0	20.0	24.0	26.0	28.0	31.0	36.0	40.0	48.0	52.0	64.0	76.0	90.0	110.0	130.0	155.0	177.0	204.0	236.0	277.0	330.0	388.0	458.0	543.0	633.0	757.0	892.0	1047.0	1222.0	1441.0	1685.0	1955.0	2339.0	2725.0	3184.0	3714.0	4314.0	5003.0	5832.0	6800.0	7895.0	9198.0	10642.0	12358.0	14343.0	16536.0	19054.0	21983.0	25223.0	28914.0	33059.0	37697.0	42821.0	48328.0	54423.0	61176.0	68395.0	76170.0	84294.0	92849.0	101513.0	110490.0	119628.0	128949.0	138195.0	147140.0	156030.0	164620.0	173018.0	181032.0	188769.0	195968.0	202718.0	208962.0	214826.0	220275.0	225193.0	229834.0	234015.0	237693.0	241113.0	244272.0	247118.0	249700.0	251984.0	254084.0	255910.0	257531.0	258988.0	260341.0	261548.0	262580.0	263553.0	264405.0	265176.0	265838.0	266419.0
0.0	0.0	0.0	0.0	0.0	1.0	2.0	2.0	2.0	4.0	5.0	6.0	6.0	11.0	13.0	15.0	20.0	22.0	25.0	28.0	32.0	40.0	46.0	54.0	64.0	74.0	87.0	97.0	115.0	134.0	152.0	182.0	226.0	255.0	293.0	335.0	391.0	441.0	507.0	591.0	680.0	826.0	986.0	1170.0	1341.0	1598.0	1886.0	2222.0	2579.0	3023.0	3574.0	4215.0	4908.0	5740.0	6722.0	7866.0	9128.0	10611.0	12327.0	14288.0	16487.0	19002.0	21826.0	25094.0	28807.0	33012.0	37688.0	42829.0	48526.0	54805.0	61560.0	68828.0	76377.0	84548.0	93133.0	101856.0	110922.0	119970.0	129263.0	138353.0	147304.0	156212.0	164838.0	173260.0	181239.0	188786.0	195999.0	202807.0	209039.0	214743.0	220095.0	225107.0	229678.0	233859.0	237700.0	241261.0	244305.0	247097.0	249548.0	251859.0	253964.0	255878.0	257574.0	259063.0	260441.0	261562.0	262654.0	263536.0	264347.0	265054.0	265745.0	266365.0	266883.0	267320.0	267705.0	268034.0	268354.0	268653.0
0.0	0.0	0.0	0.0	0.0	3.0	3.0	3.0	4.0	4.0	5.0	6.0	7.0	11.0	11.0	12.0	13.0	14.0	17.0	21.0	22.0	29.0	32.0	38.0	45.0	52.0	62.0	76.0	94.0	111.0	129.0	151.0	185.0	212.0	243.0	313.0	388.0	452.0	532.0	621.0	713.0	814.0	969.0	1148.0	1350.0	1608.0	1905.0	2238.0	2632.0	3067.0	3594.0	4219.0	4969.0	5815.0	6701.0	7774.0	9038.0	10482.0	12164.0	14080.0	16282.0	18812.0	21570.0	24892.0	28507.0	32484.0	36973.0	42055.0	47722.0	53754.0	60186.0	67469.0	74810.0	82797.0	91249.0	99906.0	108774.0	118016.0	127146.0	136441.0	145374.0	154420.0	163280.0	171655.0	179848.0	187730.0	195109.0	202053.0	208386.0	214420.0	220017.0	225121.0	229812.0	234160.0	238130.0	241601.0	244878.0	247772.0	250294.0	252597.0	254762.0	256645.0	258341.0	259870.0	261215.0	262452.0	263603.0	264545.0	265415.0	266158.0	266846.0	267466.0	268012.0	268476.0	268891.0	269260.0	269598.0	269910.0
0.0	0.0	0.0	0.0	0.0	0.0	1.0	2.0	2.0	3.0	3.0	4.0	5.0	5.0	7.0	10.0	10.0	10.0	11.0	12.0	14.0	20.0	22.0	27.0	32.0	38.0	43.0	51.0	62.0	72.0	80.0	89.0	112.0	135.0	161.0	185.0	227.0	274.0	332.0	388.0	457.0	545.0	640.0	761.0	913.0	1074.0	1262.0	1483.0	1744.0	2070.0	2444.0	2903.0	3405.0	4025.0	4770.0	5579.0	6557.0	7631.0	8943.0	10404.0	12056.0	14008.0	16272.0	18829.0	21719.0	24997.0	28641.0	32829.0	37318.0	42456.0	47959.0	54014.0	60585.0	67747.0	75383.0	83396.0	91794.0	100468.0	109330.0	118425.0	127732.0	136942.0	145876.0	154744.0	163528.0	171845.0	179830.0	187426.0	194545.0	201257.0	207521.0	213414.0	218845.0	223787.0	228322.0	232595.0	236405.0	239948.0	243028.0	245873.0	248386.0	250777.0	252888.0	254823.0	256500.0	258016.0	259348.0	260573.0	261645.0	262611.0	263483.0	264246.0	264899.0	265542.0	266114.0	266599.0	267030.0	267408.0
0.0	0.0	0.0	0.0	1.0	1.0	3.0	4.0	4.0	6.0	6.0	7.0	8.0	8.0	11.0	12.0	15.0	18.0	19.0	21.0	27.0	37.0	44.0	47.0	49.0	53.0	63.0	72.0	83.0	91.0	101.0	117.0	127.0	149.0	172.0	206.0	240.0	284.0	343.0	400.0	479.0	561.0	674.0	787.0	910.0	1062.0	1238.0	1455.0	1694.0	2001.0	2338.0	2764.0	3193.0	3758.0	4381.0	5143.0	6007.0	7008.0	8178.0	9497.0	11086.0	12866.0	14861.0	17176.0	19817.0	22811.0	26174.0	29978.0	34139.0	38993.0	44329.0	50115.0	56336.0	63162.0	70369.0	78060.0	86367.0	94981.0	103902.0	112920.0	122142.0	131320.0	140506.0	149606.0	158544.0	167159.0	175534.0	183585.0	190971.0	198168.0	204822.0	210993.0	216798.0	222367.0	227316.0	231734.0	235830.0	239524.0	242871.0	246005.0	248781.0	251255.0	253479.0	255497.0	257307.0	258826.0	260277.0	261497.0	262596.0	263600.0	264537.0	265357.0	266086.0	266792.0	267355.0	267885.0	268340.0	268733.0
0.0	0.0	0.0	0.0	0.0	1.0	3.0	4.0	4.0	7.0	9.0	11.0	12.0	16.0	23.0	31.0	39.0	51.0	57.0	66.0	88.0	107.0	125.0	146.0	168.0	185.0	209.0	245.0	284.0	325.0	386.0	460.0	554.0	649.0	752.0	886.0	1058.0	1216.0	1432.0	1648.0	1878.0	2215.0	2583.0	3008.0	3506.0	4095.0	4785.0	5610.0	6543.0	7658.0	8915.0	10419.0	12169.0	14140.0	16407.0	18968.0	21953.0	25280.0	29006.0	33096.0	37721.0	42855.0	48394.0	54550.0	61199.0	68390.0	75925.0	83990.0	92369.0	100968.0	109894.0	118946.0	128144.0	137346.0	146473.0	155349.0	164057.0	172514.0	180519.0	188263.0	195465.0	202244.0	208623.0	214492.0	220006.0	225000.0	229703.0	233921.0	237784.0	241302.0	244475.0	247294.0	249871.0	252237.0	254359.0	256210.0	257914.0	259395.0	260776.0	262028.0	263036.0	263979.0	264828.0	265624.0	266300.0	266901.0	267435.0	267922.0	268312.0	268703.0	269040.0	269301.0	269552.0	269770.0	269990.0	270166.0	270336.0	270473.0
0.0	0.0	0.0	0.0	0.0	0.0	1.0	2.0	2.0	3.0	3.0	4.0	4.0	4.0	5.0	7.0	7.0	8.0	11.0	12.0	12.0	15.0	17.0	21.0	24.0	30.0	37.0	44.0	50.0	60.0	68.0	86.0	101.0	113.0	133.0	158.0	176.0	212.0	251.0	299.0	351.0	408.0	479.0	564.0	661.0	781.0	935.0	1095.0	1284.0	1500.0	1747.0	2030.0	2406.0	2768.0	3220.0	3730.0	4394.0	5116.0	5955.0	6916.0	8040.0	9327.0	10825.0	12533.0	14561.0	16817.0	19410.0	22226.0	25576.0	29368.0	33589.0	38323.0	43468.0	49215.0	55555.0	62300.0	69488.0	77161.0	85135.0	93494.0	102043.0	111021.0	120049.0	129270.0	138575.0	147492.0	156417.0	165182.0	173482.0	181578.0	189193.0	196320.0	203016.0	209228.0	215165.0	220579.0	225610.0	230146.0	234265.0	238080.0	241525.0	244624.0	247492.0	250081.0	252397.0	254532.0	256382.0	258013.0	259509.0	260826.0	262009.0	263051.0	264019.0	264919.0	265641.0	266348.0	266984.0	267527.0
0.0	0.0	0.0	0.0	0.0	1.0	2.0	4.0	5.0	6.0	6.0	8.0	8.0	10.0	12.0	13.0	18.0	21.0	25.0	28.0	32.0	36.0	41.0	47.0	58.0	71.0	85.0	99.0	115.0	134.0	153.0	186.0	219.0	250.0	286.0	319.0	367.0	427.0	491.0	558.0	657.0	770.0	914.0	1071.0	1233.0	1414.0	1634.0	1906.0	2231.0	2606.0	3047.0	3562.0	4158.0	4809.0	5566.0	6438.0	7450.0	8647.0	9944.0	11520.0	13336.0	15424.0	17797.0	20492.0	23541.0	26942.0	30849.0	35338.0	40245.0	45655.0	51601.0	57931.0	64832.0	72163.0	79869.0	87955.0	96546.0	105320.0	114282.0	123432.0	132430.0	141461.0	150446.0	159318.0	167858.0	176029.0	183985.0	191378.0	198364.0	204994.0	211174.0	216706.0	221951.0	226740.0	231280.0	235438.0	239128.0	242537.0	245523.0	248193.0	250646.0	252912.0	254943.0	256809.0	258399.0	259841.0	261147.0	262300.0	263304.0	264249.0	265079.0	265826.0	266532.0	267117.0	267682.0	268134.0	268532.0	268920.0
0.0	0.0	0.0	0.0	0.0	0.0	2.0	2.0	3.0	4.0	4.0	4.0	6.0	8.0	10.0	14.0	17.0	23.0	28.0	35.0	41.0	49.0	54.0	65.0	77.0	88.0	105.0	123.0	140.0	158.0	181.0	212.0	243.0	287.0	329.0	373.0	451.0	524.0	609.0	721.0	845.0	992.0	1155.0	1376.0	1597.0	1880.0	2204.0	2574.0	3071.0	3616.0	4262.0	4985.0	5819.0	6814.0	7964.0	9266.0	10760.0	12538.0	14531.0	16708.0	19299.0	22188.0	25495.0	29298.0	33479.0	38163.0	43320.0	48929.0	55157.0	61704.0	68888.0	76632.0	84700.0	93157.0	101942.0	110891.0	120083.0	129314.0	138317.0	147458.0	156187.0	164937.0	173228.0	181239.0	188845.0	196052.0	202775.0	209126.0	215002.0	220530.0	225461.0	230066.0	234209.0	238037.0	241537.0	244640.0	247500.0	249997.0	252278.0	254324.0	256199.0	257873.0	259412.0	260715.0	261962.0	263062.0	264033.0	264907.0	265686.0	266334.0	266964.0	267476.0	267946.0	268401.0	268800.0	269110.0	269433.0	269700.0
0.0	0.0	0.0	0.0	0.0	0.0	0.0	1.0	1.0	2.0	3.0	4.0	9.0	14.0	17.0	23.0	28.0	37.0	52.0	61.0	68.0	79.0	93.0	109.0	140.0	169.0	203.0	234.0	276.0	331.0	395.0	455.0	542.0	643.0	756.0	908.0	1068.0	1270.0	1494.0	1760.0	2086.0	2457.0	2850.0	3356.0	3931.0	4589.0	5437.0	6343.0	7491.0	8733.0	10147.0	11760.0	13638.0	15788.0	18294.0	21097.0	24276.0	27853.0	31880.0	36448.0	41551.0	46995.0	52949.0	59595.0	66601.0	74257.0	82272.0	90464.0	99115.0	108010.0	116994.0	126178.0	135541.0	144675.0	153518.0	162103.0	170423.0	178590.0	186315.0	193459.0	200289.0	206655.0	212766.0	218363.0	223519.0	228277.0	232615.0	236662.0	240264.0	243609.0	246568.0	249312.0	251729.0	253886.0	255873.0	257571.0	259166.0	260626.0	261939.0	263082.0	264057.0	264984.0	265768.0	266437.0	267025.0	267590.0	268062.0	268534.0	268897.0	269246.0	269544.0	269805.0	270034.0	270277.0	270478.0	270625.0	270788.0	270920.0
0.0	0.0	0.0	0.0	0.0	0.0	0.0	1.0	2.0	4.0	4.0	8.0	13.0	17.0	24.0	33.0	38.0	49.0	63.0	71.0	84.0	105.0	127.0	145.0	177.0	207.0	245.0	295.0	347.0	408.0	492.0	579.0	688.0	812.0	974.0	1145.0	1327.0	1559.0	1856.0	2178.0	2575.0	3026.0	3595.0	4220.0	4985.0	5897.0	6898.0	8083.0	9401.0	10964.0	12742.0	14791.0	17217.0	20115.0	23269.0	26835.0	30827.0	35284.0	40225.0	45563.0	51452.0	57854.0	64883.0	72217.0	79940.0	88370.0	97058.0	106120.0	115262.0	124650.0	133962.0	143032.0	152128.0	161067.0	169718.0	178026.0	185925.0	193415.0	200467.0	207025.0	213184.0	218931.0	224121.0	229015.0	233510.0	237505.0	241341.0	244590.0	247631.0	250455.0	252940.0	255167.0	257084.0	258893.0	260432.0	261867.0	263151.0	264258.0	265259.0	266125.0	266962.0	267704.0	268312.0	268912.0	269400.0	269860.0	270222.0	270577.0	270894.0	271167.0	271423.0	271640.0	271858.0	272023.0	272163.0	272299.0	272411.0	272515.0
0.0	0.0	0.0	0.0	1.0	1.0	1.0	1.0	2.0	3.0	4.0	4.0	5.0	8.0	10.0	13.0	16.0	18.0	21.0	21.0	27.0	33.0	36.0	44.0	52.0	67.0	83.0	107.0	139.0	159.0	178.0	217.0	261.0	318.0	378.0	480.0	590.0	728.0	843.0	1032.0	1218.0	1411.0	1663.0	1975.0	2296.0	2693.0	3202.0	3721.0	4341.0	5097.0	6040.0	7104.0	8349.0	9758.0	11354.0	13189.0	15363.0	17776.0	20552.0	23660.0	27161.0	31063.0	35317.0	40165.0	45614.0	51505.0	57941.0	64809.0	72126.0	79777.0	87984.0	96501.0	105188.0	114047.0	123171.0	132276.0	141454.0	150500.0	159272.0	167946.0	176313.0	184238.0	191616.0	198546.0	205060.0	211122.0	216931.0	222197.0	227032.0	231372.0	235325.0	238901.0	242212.0	245278.0	248001.0	250565.0	252783.0	254716.0	256527.0	258151.0	259630.0	260927.0	262101.0	263143.0	264021.0	264795.0	265544.0	266168.0	266773.0	267288.0	267721.0	268132.0	268490.0	268811.0	269090.0	269302.0	269539.0	269746.0
0.0	0.0	0.0	0.0	0.0	0.0	0.0	0.0	1.0	2.0	3.0	3.0	7.0	7.0	8.0	10.0	11.0	14.0	18.0	25.0	29.0	34.0	47.0	58.0	65.0	74.0	88.0	106.0	115.0	145.0	169.0	202.0	244.0	285.0	324.0	401.0	467.0	559.0	653.0	739.0	863.0	1013.0	1191.0	1395.0	1627.0	1906.0	2231.0	2608.0	3082.0	3608.0	4207.0	4904.0	5733.0	6683.0	7804.0	9081.0	10598.0	12335.0	14312.0	16567.0	19080.0	22057.0	25417.0	29163.0	33355.0	38015.0	43213.0	48882.0	55052.0	61557.0	68827.0	76470.0	84589.0	92872.0	101722.0	110753.0	119889.0	129087.0	138189.0	147383.0	156183.0	164634.0	172918.0	180815.0	188582.0	195777.0	202530.0	208865.0	214774.0	220230.0	225255.0	229785.0	233842.0	237721.0	241134.0	244305.0	247059.0	249646.0	251951.0	254136.0	256030.0	257716.0	259177.0	260509.0	261638.0	262726.0	263671.0	264525.0	265270.0	265955.0	266557.0	267131.0	267633.0	268027.0	268440.0	268801.0	269110.0	269371.0
0.0	0.0	0.0	0.0	0.0	2.0	3.0	3.0	3.0	3.0	3.0	4.0	4.0	6.0	8.0	9.0	9.0	9.0	12.0	16.0	20.0	22.0	29.0	34.0	40.0	44.0	51.0	62.0	71.0	83.0	97.0	114.0	126.0	149.0	171.0	198.0	228.0	265.0	308.0	346.0	389.0	456.0	545.0	644.0	753.0	894.0	1048.0	1226.0	1399.0	1615.0	1865.0	2161.0	2530.0	2941.0	3421.0	4013.0	4685.0	5455.0	6295.0	7281.0	8456.0	9799.0	11320.0	13117.0	15101.0	17474.0	20147.0	23205.0	26633.0	30299.0	34469.0	39172.0	44446.0	50125.0	56359.0	63100.0	70378.0	78108.0	86156.0	94564.0	103240.0	112103.0	121250.0	130321.0	139646.0	148553.0	157394.0	165920.0	174229.0	181909.0	189423.0	196465.0	203016.0	209239.0	214928.0	220380.0	225372.0	229916.0	234034.0	237922.0	241373.0	244568.0	247362.0	249922.0	252178.0	254235.0	256157.0	257780.0	259250.0	260618.0	261724.0	262748.0	263681.0	264516.0	265243.0	265870.0	266491.0	267018.0
0.0	0.0	0.0	0.0	0.0	0.0	2.0	3.0	4.0	4.0	7.0	8.0	11.0	12.0	12.0	12.0	12.0	12.0	13.0	14.0	18.0	22.0	28.0	29.0	38.0	52.0	65.0	72.0	88.0	109.0	125.0	157.0	181.0	217.0	255.0	291.0	340.0	392.0	464.0	537.0	635.0	744.0	856.0	1008.0	1198.0	1417.0	1659.0	1912.0	2265.0	2653.0	3106.0	3642.0	4247.0	4939.0	5793.0	6726.0	7884.0	9156.0	10710.0	12368.0	14250.0	16515.0	19045.0	21931.0	25265.0	29027.0	33265.0	37884.0	42928.0	48498.0	54570.0	61196.0	68387.0	76100.0	84029.0	92338.0	101119.0	110083.0	119155.0	128383.0	137394.0	146571.0	155813.0	164534.0	172958.0	181067.0	188685.0	195861.0	202804.0	209137.0	214904.0	220324.0	225368.0	229838.0	234028.0	237844.0	241386.0	244540.0	247364.0	249935.0	252232.0	254246.0	256136.0	257808.0	259285.0	260588.0	261799.0	262818.0	263732.0	264566.0	265337.0	265994.0	266581.0	267120.0	267581.0	267987.0	268357.0	268672.0
0.0	0.0	0.0	0.0	0.0	1.0	1.0	2.0	4.0	4.0	5.0	6.0	7.0	9.0	10.0	10.0	12.0	15.0	19.0	20.0	23.0	29.0	34.0	40.0	46.0	50.0	56.0	66.0	76.0	92.0	104.0	120.0	146.0	176.0	212.0	253.0	307.0	365.0	429.0	498.0	587.0	678.0	817.0	945.0	1118.0	1306.0	1528.0	1763.0	2040.0	2373.0	2786.0	3241.0	3805.0	4478.0	5221.0	6066.0	7075.0	8216.0	9480.0	10989.0	12748.0	14775.0	16935.0	19618.0	22530.0	25893.0	29660.0	33881.0	38598.0	43903.0	49575.0	55933.0	62729.0	69940.0	77563.0	85775.0	94216.0	103066.0	112140.0	121298.0	130467.0	139543.0	148784.0	157615.0	166217.0	174629.0	182620.0	190169.0	197240.0	203980.0	210175.0	215984.0	221422.0	226358.0	230854.0	235062.0	238816.0	242340.0	245473.0	248226.0	250706.0	252943.0	255068.0	256892.0	258509.0	259941.0	261261.0	262399.0	263471.0	264338.0	265191.0	265828.0	266441.0	267027.0	267520.0	267985.0	268374.0	268721.0
0.0	0.0	0.0	0.0	0.0	0.0	0.0	2.0	5.0	6.0	9.0	11.0	12.0	14.0	17.0	17.0	17.0	20.0	26.0	31.0	40.0	49.0	56.0	65.0	78.0	86.0	95.0	117.0	147.0	172.0	209.0	255.0	294.0	343.0	430.0	505.0	582.0	668.0	804.0	945.0	1094.0	1272.0	1484.0	1778.0	2070.0	2395.0	2807.0	3304.0	3894.0	4542.0	5345.0	6217.0	7302.0	8550.0	9939.0	11606.0	13489.0	15655.0	18052.0	20869.0	23948.0	27439.0	31205.0	35704.0	40665.0	46077.0	52009.0	58505.0	65519.0	72967.0	80706.0	88977.0	97765.0	106690.0	115578.0	124681.0	133745.0	142790.0	151789.0	160607.0	169132.0	177296.0	185100.0	192617.0	199491.0	205982.0	212122.0	217771.0	222957.0	227735.0	232055.0	236045.0	239595.0	242897.0	245904.0	248580.0	251039.0	253258.0	255239.0	256987.0	258565.0	260015.0	261300.0	262407.0	263450.0	264336.0	265131.0	265838.0	266466.0	267058.0	267576.0	268031.0	268461.0	268804.0	269108.0	269385.0	269623.0	269865.0
0.0	0.0	0.0	0.0	0.0	1.0	1.0	2.0	2.0	2.0	3.0	4.0	4.0	5.0	5.0	6.0	7.0	10.0	11.0	13.0	14.0	21.0	25.0	27.0	32.0	37.0	39.0	43.0	45.0	52.0	61.0	69.0	80.0	90.0	101.0	123.0	140.0	170.0	197.0	231.0	269.0	315.0	362.0	417.0	476.0	549.0	645.0	762.0	916.0	1070.0	1245.0	1452.0	1694.0	1976.0	2305.0	2701.0	3133.0	3663.0	4305.0	4976.0	5790.0	6735.0	7844.0	9132.0	10605.0	12343.0	14257.0	16531.0	19122.0	21965.0	25196.0	28913.0	33133.0	37637.0	42862.0	48451.0	54568.0	61319.0	68441.0	76041.0	84046.0	92418.0	101286.0	110195.0	119359.0	128654.0	137618.0	146579.0	155507.0	164255.0	172587.0	180642.0	188368.0	195532.0	202174.0	208660.0	214525.0	220070.0	225142.0	229742.0	233947.0	237690.0	241161.0	244387.0	247252.0	249942.0	252312.0	254415.0	256350.0	258093.0	259638.0	261011.0	262238.0	263346.0	264284.0	265191.0	265983.0	266622.0
0.0	0.0	0.0	0.0	0.0	0.0	0.0	0.0	1.0	1.0	1.0	2.0	2.0	3.0	3.0	5.0	8.0	12.0	15.0	16.0	17.0	21.0	25.0	29.0	34.0	43.0	49.0	61.0	73.0	80.0	94.0	110.0	132.0	158.0	199.0	232.0	270.0	330.0	390.0	458.0	544.0	641.0	745.0	867.0	1006.0	1200.0	1406.0	1614.0	1880.0	2191.0	2571.0	3007.0	3539.0	4127.0	4848.0	5639.0	6534.0	7599.0	8850.0	10294.0	11871.0	13711.0	15710.0	18147.0	20900.0	24024.0	27511.0	31427.0	35800.0	40656.0	46116.0	52018.0	58444.0	65428.0	72807.0	80618.0	88797.0	97275.0	105904.0	114746.0	123856.0	132898.0	141950.0	150945.0	159667.0	168109.0	176217.0	183908.0	191374.0	198397.0	204920.0	210891.0	216395.0	221682.0	226443.0	230765.0	234637.0	238287.0	241648.0	244684.0	247316.0	249721.0	251852.0	253844.0	255643.0	257212.0	258638.0	259969.0	261116.0	262123.0	263077.0	263882.0	264581.0	265267.0	265871.0	266396.0	266860.0	267273.0
0.0	0.0	0.0	0.0	0.0	0.0	3.0	5.0	5.0	8.0	10.0	11.0	16.0	20.0	26.0	31.0	38.0	46.0	64.0	77.0	90.0	112.0	133.0	152.0	179.0	224.0	269.0	313.0	364.0	414.0	488.0	577.0	668.0	783.0	920.0	1063.0	1247.0	1474.0	1727.0	1993.0	2347.0	2765.0	3221.0	3774.0	4406.0	5150.0	6035.0	7051.0	8269.0	9699.0	11387.0	13256.0	15432.0	17981.0	20864.0	24029.0	27703.0	31549.0	35885.0	40789.0	46264.0	52095.0	58666.0	65608.0	73044.0	80858.0	89226.0	97895.0	106691.0	115718.0	124990.0	134089.0	143322.0	152339.0	161225.0	169476.0	177605.0	185256.0	192669.0	199631.0	206301.0	212323.0	217997.0	223177.0	227934.0	232406.0	236533.0	240186.0	243522.0	246547.0	249241.0	251677.0	253857.0	255824.0	257521.0	259094.0	260456.0	261703.0	262805.0	263822.0	264765.0	265579.0	266292.0	266997.0	267601.0	268109.0	268569.0	268976.0	269323.0	269611.0	269888.0	270141.0	270354.0	270517.0	270696.0	270853.0	270990.0	271085.0
0.0	0.0	0.0	0.0	0.0	0.0	0.0	1.0	3.0	5.0	6.0	7.0	10.0	13.0	13.0	13.0	15.0	17.0	18.0	18.0	20.0	22.0	23.0	29.0	33.0	39.0	51.0	64.0	76.0	89.0	99.0	121.0	140.0	159.0	197.0	222.0	250.0	298.0	358.0	426.0	493.0	578.0	666.0	787.0	916.0	1100.0	1295.0	1505.0	1754.0	2045.0	2422.0	2853.0	3362.0	3921.0	4599.0	5305.0	6200.0	7224.0	8413.0	9692.0	11173.0	12980.0	14994.0	17331.0	19964.0	23047.0	26437.0	30229.0	34506.0	39286.0	44517.0	50318.0	56713.0	63494.0	70994.0	78745.0	86953.0	95244.0	104064.0	112871.0	122168.0	131346.0	140412.0	149370.0	158171.0	166801.0	175100.0	182891.0	190405.0	197379.0	203821.0	209971.0	215660.0	220897.0	225639.0	230031.0	234182.0	237867.0	241320.0	244309.0	247130.0	249642.0	251936.0	253935.0	255780.0	257352.0	258785.0	260147.0	261381.0	262391.0	263314.0	264139.0	264901.0	265549.0	266163.0	266685.0	267114.0	267551.0
0.0	0.0	0.0	0.0	0.0	0.0	1.0	2.0	3.0	3.0	4.0	7.0	8.0	10.0	14.0	18.0	22.0	29.0	35.0	39.0	47.0	56.0	61.0	74.0	90.0	108.0	128.0	148.0	173.0	209.0	246.0	292.0	332.0	375.0	454.0	520.0	610.0	704.0	832.0	976.0	1168.0	1367.0	1586.0	1865.0	2196.0	2586.0	3016.0	3568.0	4149.0	4811.0	5619.0	6571.0	7669.0	8904.0	10356.0	12025.0	13933.0	16118.0	18504.0	21314.0	24481.0	28014.0	31980.0	36484.0	41536.0	47023.0	53084.0	59578.0	66671.0	74162.0	81992.0	90327.0	99016.0	107883.0	117027.0	126214.0	135499.0	144643.0	153638.0	162328.0	170727.0	178900.0	186744.0	194163.0	201027.0	207551.0	213572.0	219173.0	224327.0	228984.0	233349.0	237330.0	240928.0	244215.0	247093.0	249747.0	252199.0	254373.0	256313.0	258070.0	259652.0	261004.0	262258.0	263353.0	264335.0	265237.0	266033.0	266751.0	267406.0	267950.0	268450.0	268894.0	269281.0	269603.0	269946.0	270233.0	270490.0	270700.0
0.0	0.0	0.0	0.0	0.0	2.0	2.0	2.0	4.0	5.0	7.0	8.0	12.0	12.0	13.0	15.0	20.0	24.0	29.0	34.0	50.0	57.0	66.0	82.0	98.0	112.0	137.0	161.0	186.0	214.0	249.0	275.0	320.0	379.0	435.0	516.0	610.0	716.0	843.0	972.0	1135.0	1329.0	1567.0	1832.0	2151.0	2520.0	2942.0	3453.0	4058.0	4738.0	5553.0	6465.0	7564.0	8823.0	10228.0	11820.0	13725.0	15811.0	18215.0	20928.0	24079.0	27580.0	31529.0	35897.0	40806.0	46325.0	52254.0	58490.0	65343.0	72778.0	80658.0	88954.0	97587.0	106388.0	115372.0	124356.0	133504.0	142565.0	151469.0	160145.0	168668.0	176956.0	184662.0	192050.0	199030.0	205457.0	211487.0	217149.0	222392.0	227153.0	231558.0	235570.0	239197.0	242526.0	245503.0	248263.0	250744.0	252999.0	254931.0	256698.0	258313.0	259762.0	261091.0	262177.0	263245.0	264101.0	264944.0	265614.0	266273.0	266815.0	267327.0	267784.0	268177.0	268502.0	268822.0	269112.0	269343.0	269580.0
0.0	0.0	0.0	0.0	0.0	0.0	0.0	1.0	3.0	3.0	3.0	4.0	6.0	6.0	7.0	7.0	7.0	9.0	9.0	10.0	11.0	13.0	15.0	15.0	18.0	20.0	26.0	27.0	32.0	36.0	42.0	50.0	56.0	65.0	81.0	97.0	112.0	131.0	154.0	168.0	186.0	225.0	263.0	305.0	362.0	419.0	491.0	576.0	673.0	778.0	911.0	1059.0	1232.0	1451.0	1693.0	1973.0	2318.0	2683.0	3142.0	3631.0	4197.0	4871.0	5612.0	6489.0	7572.0	8770.0	10169.0	11759.0	13584.0	15701.0	18079.0	20830.0	23925.0	27454.0	31394.0	35779.0	40601.0	45991.0	51758.0	58198.0	65098.0	72502.0	80215.0	88514.0	97042.0	105769.0	114539.0	123593.0	132900.0	141974.0	150805.0	159676.0	168212.0	176288.0	184125.0	191455.0	198567.0	205038.0	211031.0	216761.0	221917.0	226686.0	231160.0	235106.0	238758.0	242165.0	245163.0	247967.0	250471.0	252657.0	254638.0	256433.0	257967.0	259388.0	260647.0	261801.0	262800.0	263751.0
0.0	0.0	0.0	0.0	1.0	1.0	1.0	2.0	3.0	3.0	3.0	3.0	4.0	6.0	8.0	12.0	17.0	21.0	25.0	28.0	32.0	34.0	39.0	46.0	57.0	68.0	79.0	92.0	103.0	114.0	136.0	162.0	189.0	214.0	254.0	284.0	339.0	375.0	443.0	527.0	634.0	726.0	836.0	965.0	1121.0	1311.0	1505.0	1756.0	2049.0	2388.0	2763.0	3225.0	3763.0	4437.0	5236.0	6096.0	7095.0	8220.0	9580.0	11151.0	12960.0	14968.0	17327.0	19977.0	22946.0	26391.0	30232.0	34545.0	39271.0	44605.0	50243.0	56595.0	63496.0	70841.0	78526.0	86670.0	95126.0	104012.0	113002.0	122048.0	131284.0	140468.0	149512.0	158405.0	166905.0	175190.0	182937.0	190548.0	197537.0	204107.0	210226.0	215989.0	221371.0	226275.0	230779.0	234742.0	238417.0	241747.0	244780.0	247514.0	250035.0	252354.0	254378.0	256194.0	257844.0	259305.0	260618.0	261715.0	262761.0	263733.0	264588.0	265290.0	265939.0	266519.0	267030.0	267502.0	267934.0	268300.0
0.0	0.0	0.0	0.0	1.0	1.0	1.0	3.0	4.0	4.0	6.0	6.0	7.0	10.0	11.0	12.0	13.0	16.0	21.0	22.0	24.0	29.0	38.0	49.0	63.0	78.0	94.0	112.0	129.0	153.0	180.0	231.0	275.0	313.0	370.0	440.0	519.0	630.0	742.0	893.0	1071.0	1285.0	1524.0	1801.0	2145.0	2537.0	3000.0	3492.0	4099.0	4829.0	5699.0	6669.0	7809.0	9107.0	10652.0	12415.0	14393.0	16643.0	19192.0	22181.0	25540.0	29278.0	33596.0	38349.0	43484.0	49222.0	55340.0	62065.0	69286.0	76913.0	84995.0	93422.0	102170.0	111297.0	120417.0	129671.0	138971.0	148143.0	157129.0	165797.0	174206.0	182165.0	189600.0	196813.0	203510.0	209862.0	215762.0	221201.0	226192.0	230685.0	234884.0	238696.0	242096.0	245251.0	248059.0	250640.0	252966.0	255024.0	256970.0	258580.0	260018.0	261363.0	262512.0	263534.0	264562.0	265428.0	266205.0	266872.0	267465.0	267975.0	268418.0	268843.0	269215.0	269556.0	269822.0	270096.0	270316.0	270520.0
0.0	0.0	0.0	0.0	0.0	0.0	0.0	3.0	4.0	5.0	6.0	7.0	8.0	9.0	10.0	13.0	17.0	18.0	24.0	31.0	41.0	54.0	68.0	73.0	84.0	103.0	122.0	141.0	168.0	201.0	240.0	278.0	320.0	378.0	452.0	544.0	638.0	745.0	877.0	1011.0	1184.0	1402.0	1642.0	1932.0	2274.0	2652.0	3115.0	3707.0	4361.0	5142.0	5991.0	7028.0	8242.0	9674.0	11269.0	13095.0	15135.0	17547.0	20259.0	23352.0	26878.0	30851.0	35291.0	40127.0	45570.0	51361.0	57818.0	64908.0	72250.0	80055.0	88151.0	96786.0	105687.0	114850.0	124018.0	133292.0	142331.0	151343.0	160321.0	168896.0	177354.0	185254.0	192708.0	199694.0	206338.0	212428.0	218065.0	223318.0	228167.0	232450.0	236500.0	240154.0	243450.0	246426.0	249156.0	251589.0	253732.0	255743.0	257532.0	259120.0	260506.0	261764.0	262875.0	263857.0	264705.0	265477.0	266183.0	266792.0	267328.0	267812.0	268291.0	268680.0	269010.0	269317.0	269568.0	269808.0	270029.0	270213.0
0.0	0.0	0.0	0.0	0.0	0.0	1.0	2.0	3.0	3.0	3.0	3.0	3.0	5.0	8.0	12.0	13.0	15.0	16.0	20.0	25.0	31.0	37.0	47.0	59.0	68.0	79.0	96.0	115.0	130.0	157.0	187.0	220.0	252.0	292.0	340.0	389.0	444.0	515.0	594.0	698.0	811.0	933.0	1093.0	1301.0	1524.0	1803.0	2105.0	2447.0	2866.0	3373.0	3916.0	4614.0	5386.0	6286.0	7316.0	8608.0	9979.0	11518.0	13371.0	15555.0	17973.0	20749.0	23850.0	27451.0	31425.0	35932.0	40818.0	46308.0	52229.0	58864.0	65903.0	73476.0	81325.0	89539.0	97940.0	106651.0	115769.0	124952.0	134042.0	143277.0	152102.0	160953.0	169409.0	177658.0	185466.0	192733.0	199612.0	205916.0	211937.0	217551.0	222723.0	227469.0	231876.0	235811.0	239436.0	242768.0	245771.0	248483.0	250892.0	253026.0	254979.0	256758.0	258373.0	259752.0	260964.0	262077.0	263101.0	264036.0	264834.0	265560.0	266210.0	266744.0	267280.0	267739.0	268136.0	268492.0	268808.0
0.0	0.0	0.0	0.0	0.0	0.0	1.0	1.0	1.0	2.0	3.0	4.0	4.0	4.0	5.0	6.0	6.0	7.0	8.0	8.0	8.0	9.0	13.0	17.0	24.0	28.0	31.0	37.0	43.0	48.0	52.0	61.0	70.0	73.0	85.0	106.0	125.0	147.0	174.0	201.0	243.0	284.0	325.0	374.0	443.0	534.0	627.0	748.0	874.0	1027.0	1219.0	1453.0	1710.0	2029.0	2422.0	2865.0	3396.0	3947.0	4617.0	5413.0	6311.0	7368.0	8522.0	9905.0	11492.0	13348.0	15547.0	18056.0	20850.0	23886.0	27419.0	31306.0	35650.0	40465.0	45960.0	51873.0	58273.0	65194.0	72514.0	80261.0	88283.0	96951.0	105815.0	114851.0	123836.0	132917.0	142236.0	151131.0	159871.0	168373.0	176586.0	184367.0	191764.0	198566.0	205031.0	211157.0	216758.0	221952.0	226724.0	231236.0	235163.0	238805.0	242131.0	245038.0	247756.0	250238.0	252387.0	254324.0	256141.0	257755.0	259191.0	260461.0	261584.0	262636.0	263586.0	264446.0	265179.0	265875.0
0.0	0.0	0.0	0.0	1.0	1.0	2.0	2.0	2.0	4.0	4.0	4.0	6.0	8.0	8.0	10.0	12.0	17.0	23.0	30.0	39.0	44.0	55.0	62.0	76.0	88.0	103.0	119.0	136.0	155.0	187.0	217.0	257.0	288.0	341.0	390.0	464.0	564.0	657.0	782.0	910.0	1076.0	1253.0	1484.0	1757.0	2097.0	2492.0	2889.0	3363.0	3974.0	4625.0	5537.0	6411.0	7535.0	8802.0	10243.0	11954.0	13844.0	16153.0	18662.0	21535.0	24766.0	28482.0	32560.0	37144.0	42339.0	47927.0	54087.0	60619.0	67609.0	75127.0	83137.0	91491.0	100252.0	109152.0	118211.0	127384.0	136557.0	145753.0	154611.0	163292.0	171690.0	179677.0	187518.0	194820.0	201655.0	208118.0	214049.0	219650.0	224694.0	229471.0	233734.0	237606.0	241144.0	244398.0	247193.0	249770.0	252146.0	254255.0	256180.0	257833.0	259374.0	260753.0	261986.0	263097.0	264051.0	264874.0	265583.0	266286.0	266954.0	267496.0	267977.0	268410.0	268758.0	269111.0	269420.0	269695.0	269915.0
0.0	0.0	0.0	0.0	0.0	2.0	3.0	3.0	3.0	5.0	8.0	12.0	17.0	19.0	23.0	27.0	29.0	35.0	43.0	52.0	63.0	74.0	85.0	103.0	116.0	130.0	156.0	186.0	218.0	247.0	292.0	341.0	404.0	489.0	559.0	642.0	737.0	872.0	1042.0	1225.0	1467.0	1718.0	2015.0	2372.0	2781.0	3275.0	3798.0	4478.0	5213.0	6086.0	7110.0	8364.0	9831.0	11418.0	13286.0	15525.0	17934.0	20709.0	23864.0	27385.0	31446.0	35874.0	40790.0	46273.0	52312.0	58805.0	65709.0	73203.0	81096.0	89343.0	98035.0	106846.0	115877.0	125184.0	134434.0	143608.0	152608.0	161435.0	170020.0	178269.0	186045.0	193392.0	200297.0	206694.0	212814.0	218398.0	223418.0	228115.0	232371.0	236376.0	239933.0	243121.0	246054.0	248770.0	251228.0	253379.0	255394.0	257150.0	258692.0	260080.0	261380.0	262493.0	263422.0	264291.0	265117.0	265809.0	266473.0	266999.0	267491.0	267908.0	268309.0	268647.0	268950.0	269227.0	269471.0	269693.0	269907.0	270066.0
0.0	0.0	0.0	0.0	1.0	1.0	2.0	3.0	3.0	3.0	4.0	6.0	7.0	8.0	15.0	17.0	20.0	24.0	26.0	31.0	39.0	52.0	60.0	71.0	85.0	103.0	125.0	149.0	174.0	207.0	249.0	290.0	337.0	403.0	484.0	563.0	667.0	781.0	904.0	1063.0	1221.0	1403.0	1638.0	1923.0	2242.0	2601.0	3058.0	3543.0	4132.0	4834.0	5658.0	6606.0	7637.0	8847.0	10340.0	11994.0	13928.0	16064.0	18596.0	21416.0	24638.0	28336.0	32345.0	36734.0	41621.0	47036.0	53077.0	59573.0	66594.0	74108.0	81961.0	90333.0	98997.0	107903.0	117102.0	126439.0	135417.0	144621.0	153567.0	162249.0	170691.0	178799.0	186650.0	193990.0	200998.0	207570.0	213627.0	219157.0	224378.0	229180.0	233460.0	237496.0	241021.0	244313.0	247306.0	250109.0	252496.0	254667.0	256581.0	258330.0	259862.0	261279.0	262560.0	263664.0	264681.0	265517.0	266308.0	267037.0	267649.0	268219.0	268748.0	269184.0	269556.0	269914.0	270194.0	270440.0	270671.0	270901.0
0.0	0.0	0.0	0.0	0.0	1.0	1.0	2.0	2.0	2.0	2.0	4.0	6.0	7.0	9.0	14.0	17.0	26.0	31.0	35.0	44.0	53.0	65.0	87.0	95.0	114.0	137.0	154.0	194.0	232.0	275.0	322.0	381.0	438.0	507.0	597.0	715.0	872.0	1057.0	1247.0	1471.0	1707.0	2034.0	2373.0	2767.0	3211.0	3723.0	4371.0	5143.0	5989.0	7014.0	8241.0	9663.0	11309.0	13161.0	15222.0	17601.0	20255.0	23339.0	26740.0	30595.0	34830.0	39648.0	44918.0	50585.0	56886.0	63551.0	70857.0	78757.0	86980.0	95481.0	104291.0	113441.0	122464.0	131531.0	140606.0	149589.0	158365.0	167036.0	175170.0	183039.0	190523.0	197469.0	204031.0	210149.0	215858.0	221314.0	226271.0	230621.0	234850.0	238535.0	241926.0	244918.0	247681.0	250287.0	252603.0	254652.0	256455.0	258101.0	259575.0	260920.0	262071.0	263159.0	264091.0	264893.0	265670.0	266333.0	266939.0	267484.0	267972.0	268376.0	268751.0	269073.0	269333.0	269612.0	269839.0	270048.0	270247.0
0.0	0.0	0.0	0.0	0.0	0.0	0.0	1.0	3.0	4.0	6.0	6.0	9.0	10.0	13.0	15.0	19.0	23.0	24.0	25.0	29.0	37.0	40.0	42.0	53.0	67.0	73.0	86.0	100.0	114.0	129.0	149.0	177.0	209.0	257.0	290.0	327.0	373.0	438.0	538.0	653.0	756.0	877.0	1017.0	1183.0	1415.0	1668.0	1970.0	2347.0	2753.0	3181.0	3736.0	4370.0	5116.0	5963.0	6929.0	8030.0	9355.0	10916.0	12665.0	14735.0	17024.0	19597.0	22605.0	25966.0	29756.0	34117.0	38861.0	44142.0	49892.0	56129.0	62901.0	70049.0	77727.0	85679.0	93953.0	102694.0	111842.0	120861.0	129921.0	139096.0	148164.0	157030.0	165699.0	173945.0	181678.0	189235.0	196488.0	203122.0	209183.0	214973.0	220247.0	225259.0	229835.0	233908.0	237886.0	241224.0	244359.0	247266.0	249774.0	252047.0	254062.0	255972.0	257634.0	259114.0	260491.0	261711.0	262768.0	263703.0	264517.0	265283.0	265938.0	266562.0	267092.0	267526.0	267926.0	268316.0	268668.0
0.0	0.0	0.0	0.0	0.0	1.0	1.0	1.0	2.0	2.0	6.0	8.0	9.0	9.0	9.0	11.0	17.0	21.0	23.0	25.0	27.0	34.0	36.0	42.0	51.0	63.0	74.0	94.0	110.0	132.0	166.0	188.0	205.0	256.0	304.0	354.0	403.0	463.0	550.0	662.0	772.0	920.0	1065.0	1280.0	1504.0	1759.0	2029.0	2388.0	2796.0	3286.0	3884.0	4502.0	5257.0	6170.0	7223.0	8421.0	9825.0	11385.0	13267.0	15349.0	17709.0	20461.0	23474.0	26862.0	30718.0	35092.0	39893.0	45321.0	51221.0	57727.0	64610.0	72070.0	79933.0	88375.0	96851.0	105742.0	114806.0	123954.0	133196.0	142235.0	151251.0	159875.0	168316.0	176467.0	184267.0	191640.0	198607.0	205031.0	211165.0	216869.0	222211.0	226923.0	231288.0	235358.0	239100.0	242479.0	245583.0	248294.0	250767.0	253004.0	255062.0	256853.0	258505.0	259925.0	261201.0	262363.0	263401.0	264357.0	265188.0	265948.0	266593.0	267174.0	267705.0	268173.0	268594.0	268968.0	269308.0	269614.0
0.0	0.0	0.0	0.0	1.0	1.0	2.0	3.0	3.0	4.0	7.0	10.0	13.0	16.0	16.0	19.0	22.0	23.0	29.0	35.0	44.0	53.0	60.0	64.0	75.0	88.0	100.0	113.0	133.0	160.0	195.0	228.0	263.0	310.0	360.0	435.0	527.0	607.0	703.0	841.0	1004.0	1176.0	1394.0	1640.0	1930.0	2271.0	2683.0	3138.0	3677.0	4324.0	5043.0	5900.0	6840.0	7965.0	9308.0	10802.0	12586.0	14606.0	16971.0	19507.0	22363.0	25626.0	29336.0	33437.0	38055.0	43285.0	49106.0	55209.0	61901.0	68997.0	76702.0	84916.0	93375.0	102360.0	111450.0	120513.0	129771.0	138904.0	148002.0	157112.0	165395.0	173790.0	181812.0	189498.0	196749.0	203519.0	209823.0	215861.0	221208.0	226193.0	230725.0	234929.0	238858.0	242325.0	245447.0	248270.0	250820.0	253135.0	255090.0	256988.0	258646.0	260066.0	261443.0	262572.0	263531.0	264452.0	265274.0	265994.0	266643.0	267288.0	267839.0	268299.0	268742.0	269099.0	269432.0	269736.0	269981.0	270212.0
0.0	0.0	0.0	0.0	0.0	1.0	1.0	4.0	4.0	5.0	7.0	9.0	10.0	13.0	16.0	18.0	24.0	32.0	38.0	45.0	56.0	73.0	82.0	98.0	115.0	139.0	163.0	189.0	229.0	264.0	323.0	368.0	429.0	506.0	588.0	682.0	822.0	990.0	1170.0	1389.0	1617.0	1909.0	2228.0	2639.0	3094.0	3624.0	4251.0	5004.0	5844.0	6809.0	7905.0	9184.0	10694.0	12383.0	14281.0	16562.0	19157.0	22078.0	25489.0	29191.0	33372.0	38033.0	43178.0	48648.0	54793.0	61507.0	68527.0	76175.0	84110.0	92454.0	101056.0	109921.0	118881.0	128052.0	137206.0	146017.0	154898.0	163492.0	171770.0	179544.0	187089.0	194176.0	200938.0	207283.0	213302.0	218714.0	223771.0	228308.0	232447.0	236204.0	239725.0	242929.0	245845.0	248574.0	250958.0	253080.0	255050.0	256779.0	258199.0	259596.0	260787.0	261851.0	262833.0	263674.0	264474.0	265157.0	265761.0	266323.0	266826.0	267267.0	267643.0	268003.0	268299.0	268594.0	268839.0	269045.0	269243.0	269410.0
0.0	0.0	0.0	0.0	1.0	2.0	2.0	3.0	4.0	5.0	5.0	10.0	11.0	11.0	17.0	24.0	30.0	33.0	39.0	51.0	66.0	82.0	102.0	127.0	153.0	183.0	221.0	270.0	311.0	367.0	415.0	495.0	585.0	697.0	814.0	962.0	1142.0	1350.0	1584.0	1858.0	2153.0	2521.0	2961.0	3472.0	4063.0	4764.0	5619.0	6602.0	7793.0	9080.0	10604.0	12385.0	14398.0	16642.0	19270.0	22269.0	25646.0	29520.0	33787.0	38441.0	43790.0	49498.0	55844.0	62712.0	69957.0	77824.0	85988.0	94618.0	103416.0	112385.0	121538.0	130845.0	139997.0	149154.0	157988.0	166631.0	174945.0	182862.0	190357.0	197441.0	204187.0	210372.0	216234.0	221723.0	226567.0	231156.0	235418.0	239162.0	242505.0	245580.0	248363.0	250957.0	253264.0	255344.0	257139.0	258814.0	260227.0	261581.0	262721.0	263785.0	264703.0	265564.0	266251.0	266903.0	267459.0	267964.0	268393.0	268807.0	269167.0	269504.0	269795.0	270033.0	270265.0	270479.0	270674.0	270847.0	270993.0	271133.0
0.0	0.0	0.0	0.0	1.0	2.0	2.0	3.0	3.0	3.0	4.0	6.0	8.0	10.0	14.0	16.0	23.0	25.0	26.0	29.0	29.0	31.0	33.0	41.0	49.0	59.0	61.0	71.0	82.0	94.0	110.0	129.0	154.0	176.0	202.0	232.0	280.0	333.0	399.0	467.0	554.0	648.0	760.0	882.0	1022.0	1179.0	1381.0	1603.0	1906.0	2209.0	2563.0	3023.0	3553.0	4151.0	4811.0	5607.0	6539.0	7585.0	8865.0	10362.0	12053.0	13969.0	16144.0	18705.0	21645.0	24840.0	28486.0	32643.0	37305.0	42349.0	47869.0	53963.0	60594.0	67727.0	75385.0	83437.0	91774.0	100446.0	109491.0	118554.0	127797.0	136976.0	145881.0	154799.0	163496.0	171997.0	179948.0	187641.0	194844.0	201609.0	207928.0	213871.0	219323.0	224398.0	229006.0	233116.0	236928.0	240466.0	243571.0	246381.0	249003.0	251365.0	253451.0	255320.0	257025.0	258564.0	259920.0	261127.0	262217.0	263215.0	264045.0	264794.0	265457.0	266070.0	266616.0	267102.0	267535.0	267936.0
0.0	0.0	0.0	0.0	0.0	0.0	1.0	4.0	4.0	6.0	8.0	9.0	12.0	15.0	17.0	22.0	33.0	38.0	43.0	53.0	62.0	75.0	87.0	105.0	129.0	155.0	181.0	211.0	242.0	275.0	319.0	380.0	464.0	555.0	676.0	793.0	951.0	1110.0	1288.0	1552.0	1807.0	2082.0	2427.0	2840.0	3342.0	3943.0	4633.0	5369.0	6284.0	7402.0	8670.0	10036.0	11687.0	13502.0	15669.0	18090.0	20893.0	24037.0	27600.0	31517.0	36018.0	40909.0	46330.0	52359.0	58901.0	65836.0	73182.0	81090.0	89349.0	98077.0	106852.0	115962.0	124967.0	134270.0	143457.0	152503.0	161216.0	169713.0	177889.0	185611.0	193137.0	199949.0	206507.0	212564.0	218203.0	223259.0	227950.0	232244.0	236260.0	239879.0	243193.0	246259.0	248988.0	251398.0	253571.0	255526.0	257276.0	258834.0	260214.0	261467.0	262592.0	263628.0	264538.0	265322.0	266069.0	266705.0	267282.0	267798.0	268246.0	268676.0	269018.0	269327.0	269581.0	269843.0	270052.0	270258.0	270407.0	270547.0
0.0	0.0	0.0	0.0	0.0	0.0	1.0	3.0	6.0	6.0	9.0	10.0	10.0	12.0	15.0	19.0	24.0	28.0	36.0	43.0	49.0	59.0	72.0	89.0	109.0	127.0	153.0	187.0	228.0	270.0	324.0	390.0	452.0	537.0	632.0	744.0	882.0	1033.0	1234.0	1446.0	1706.0	1993.0	2324.0	2738.0	3220.0	3796.0	4410.0	5196.0	6090.0	7076.0	8266.0	9728.0	11284.0	13158.0	15323.0	17688.0	20377.0	23499.0	26947.0	31010.0	35297.0	40210.0	45573.0	51447.0	57887.0	64856.0	72323.0	80260.0	88593.0	97228.0	106245.0	115342.0	124506.0	133684.0	142818.0	151856.0	160825.0	169313.0	177379.0	185293.0	192833.0	199911.0	206504.0	212665.0	218530.0	223764.0	228584.0	232983.0	236985.0	240705.0	244031.0	247110.0	249818.0	252288.0	254557.0	256574.0	258385.0	259946.0	261351.0	262643.0	263845.0	264836.0	265777.0	266557.0	267261.0	267913.0	268475.0	268990.0	269452.0	269828.0	270165.0	270487.0	270775.0	271008.0	271241.0	271438.0	271589.0	271727.0
0.0	0.0	0.0	0.0	0.0	0.0	2.0	4.0	5.0	5.0	5.0	6.0	6.0	8.0	13.0	14.0	16.0	18.0	21.0	24.0	26.0	28.0	35.0	42.0	56.0	70.0	83.0	96.0	115.0	146.0	173.0	205.0	246.0	298.0	352.0	434.0	507.0	614.0	714.0	844.0	989.0	1184.0	1426.0	1692.0	2037.0	2383.0	2836.0	3347.0	3985.0	4693.0	5507.0	6487.0	7614.0	8910.0	10402.0	12064.0	14033.0	16240.0	18807.0	21667.0	24835.0	28454.0	32479.0	36966.0	42054.0	47782.0	53872.0	60724.0	67719.0	75384.0	83385.0	91755.0	100519.0	109514.0	118784.0	128038.0	137294.0	146466.0	155321.0	164115.0	172390.0	180375.0	187943.0	195337.0	202247.0	208579.0	214581.0	220139.0	225268.0	229920.0	234250.0	238119.0	241764.0	244955.0	247892.0	250532.0	252918.0	254952.0	256824.0	258533.0	260043.0	261367.0	262520.0	263607.0	264514.0	265374.0	266160.0	266786.0	267378.0	267909.0	268361.0	268753.0	269115.0	269434.0	269694.0	269956.0	270171.0	270347.0
0.0	0.0	0.0	0.0	0.0	0.0	0.0	0.0	2.0	3.0	3.0	5.0	5.0	8.0	9.0	11.0	14.0	20.0	24.0	29.0	34.0	40.0	47.0	57.0	67.0	74.0	82.0	99.0	120.0	135.0	166.0	204.0	253.0	299.0	364.0	428.0	494.0	569.0	675.0	784.0	894.0	1030.0	1239.0	1450.0	1701.0	1990.0	2322.0	2724.0	3190.0	3721.0	4417.0	5251.0	6189.0	7329.0	8433.0	9831.0	11422.0	13141.0	15241.0	17609.0	20354.0	23635.0	27234.0	31176.0	35486.0	40402.0	45849.0	51916.0	58548.0	65402.0	72846.0	80763.0	88980.0	97637.0	106451.0	115450.0	124645.0	133725.0	142882.0	151920.0	160600.0	169147.0	177459.0	185345.0	192644.0	199561.0	206219.0	212431.0	218067.0	223261.0	227993.0	232429.0	236458.0	239980.0	243247.0	246320.0	249000.0	251441.0	253593.0	255492.0	257213.0	258806.0	260154.0	261405.0	262528.0	263537.0	264418.0	265253.0	265914.0	266540.0	267054.0	267560.0	268015.0	268415.0	268735.0	269069.0	269332.0	269572.0
0.0	0.0	0.0	0.0	0.0	0.0	2.0	3.0	3.0	4.0	5.0	7.0	9.0	14.0	17.0	19.0	26.0	33.0	44.0	49.0	57.0	70.0	77.0	95.0	113.0	135.0	171.0	204.0	240.0	273.0	330.0	396.0	474.0	566.0	654.0	758.0	875.0	1029.0	1207.0	1403.0	1650.0	1955.0	2289.0	2708.0	3191.0	3747.0	4365.0	5136.0	6053.0	7149.0	8393.0	9869.0	11553.0	13479.0	15583.0	18108.0	21006.0	24119.0	27686.0	31639.0	36124.0	41095.0	46680.0	52736.0	59197.0	66129.0	73582.0	81532.0	89683.0	98202.0	106974.0	115969.0	125129.0	134226.0	143415.0	152350.0	161323.0	169806.0	178099.0	185873.0	193123.0	199991.0	206500.0	212549.0	218034.0	223194.0	227917.0	232214.0	236205.0	239916.0	243124.0	246072.0	248746.0	251179.0	253392.0	255316.0	257051.0	258521.0	259914.0	261165.0	262267.0	263221.0	264082.0	264840.0	265550.0	266181.0	266742.0	267227.0	267681.0	268071.0	268425.0	268740.0	269019.0	269229.0	269439.0	269629.0	269807.0	269959.0
0.0	0.0	0.0	0.0	0.0	0.0	1.0	1.0	4.0	5.0	7.0	7.0	9.0	9.0	10.0	11.0	18.0	23.0	29.0	35.0	47.0	53.0	67.0	78.0	85.0	98.0	113.0	146.0	180.0	219.0	257.0	296.0	347.0	412.0	469.0	553.0	655.0	769.0	943.0	1109.0	1308.0	1563.0	1879.0	2208.0	2607.0	3018.0	3558.0	4187.0	4920.0	5761.0	6773.0	7916.0	9309.0	10892.0	12669.0	14673.0	16951.0	19619.0	22592.0	25949.0	29829.0	34086.0	38845.0	44281.0	50053.0	56239.0	62980.0	70304.0	78088.0	86178.0	94737.0	103534.0	112570.0	121917.0	131255.0	140456.0	149552.0	158393.0	167146.0	175489.0	183604.0	191397.0	198542.0	205362.0	211655.0	217512.0	222860.0	227689.0	232200.0	236397.0	240130.0	243581.0	246671.0	249464.0	251925.0	254146.0	256181.0	258062.0	259664.0	261064.0	262339.0	263471.0	264457.0	265308.0	266107.0	266798.0	267412.0	267942.0	268445.0	268903.0	269306.0	269662.0	269947.0	270191.0	270426.0	270621.0	270804.0	270961.0
0.0	0.0	0.0	0.0	0.0	0.0	1.0	2.0	2.0	4.0	4.0	4.0	6.0	6.0	6.0	6.0	6.0	7.0	7.0	7.0	7.0	7.0	8.0	9.0	10.0	11.0	12.0	13.0	13.0	13.0	13.0	15.0	17.0	17.0	17.0	18.0	19.0	23.0	24.0	24.0	26.0	30.0	35.0	41.0	51.0	59.0	66.0	79.0	93.0	110.0	127.0	154.0	188.0	227.0	267.0	315.0	355.0	422.0	494.0	568.0	673.0	796.0	909.0	1048.0	1225.0	1455.0	1707.0	2012.0	2351.0	2739.0	3193.0	3706.0	4369.0	5046.0	5874.0	6860.0	7977.0	9278.0	10781.0	12508.0	14571.0	16880.0	19595.0	22497.0	25796.0	29507.0	33712.0	38294.0	43536.0	49242.0	55456.0	62356.0	69633.0	77384.0	85712.0	94323.0	103248.0	112398.0	121624.0	130902.0	140087.0	149110.0	157908.0	166513.0	174774.0	182795.0	190292.0	197451.0	204059.0	210347.0	216105.0	221395.0	226353.0	230786.0	234879.0	238701.0	242041.0	245165.0
0.0	0.0	0.0	0.0	0.0	0.0	1.0	3.0	3.0	4.0	7.0	14.0	16.0	20.0	23.0	33.0	38.0	53.0	64.0	76.0	87.0	108.0	139.0	157.0	188.0	235.0	291.0	345.0	404.0	459.0	552.0	652.0	775.0	901.0	1067.0	1287.0	1520.0	1811.0	2124.0	2523.0	2933.0	3481.0	4090.0	4828.0	5664.0	6618.0	7725.0	9012.0	10578.0	12332.0	14410.0	16720.0	19359.0	22444.0	25832.0	29639.0	34034.0	38764.0	44009.0	49850.0	56076.0	62746.0	70099.0	77725.0	85994.0	94344.0	103089.0	112117.0	121302.0	130601.0	139705.0	148789.0	157558.0	166292.0	174627.0	182473.0	190040.0	197170.0	203831.0	210062.0	215961.0	221378.0	226421.0	230873.0	235096.0	238819.0	242182.0	245279.0	248191.0	250777.0	253050.0	255011.0	256852.0	258593.0	260038.0	261374.0	262597.0	263687.0	264636.0	265499.0	266289.0	266922.0	267545.0	268081.0	268585.0	268998.0	269358.0	269687.0	269961.0	270196.0	270442.0	270664.0	270868.0	271043.0	271181.0	271316.0	271426.0	271517.0
0.0	0.0	0.0	0.0	0.0	0.0	0.0	0.0	3.0	5.0	5.0	5.0	5.0	6.0	9.0	11.0	13.0	17.0	19.0	28.0	34.0	43.0	52.0	63.0	78.0	89.0	100.0	115.0	137.0	162.0	184.0	224.0	260.0	301.0	347.0	386.0	453.0	529.0	627.0	716.0	831.0	950.0	1107.0	1277.0	1514.0	1754.0	2047.0	2362.0	2781.0	3284.0	3808.0	4435.0	5188.0	6015.0	7064.0	8178.0	9474.0	10978.0	12661.0	14632.0	16857.0	19341.0	22250.0	25421.0	28997.0	33046.0	37549.0	42587.0	48089.0	54142.0	60892.0	68021.0	75517.0	83549.0	91944.0	100475.0	109236.0	118265.0	127318.0	136350.0	145455.0	154330.0	162965.0	171277.0	179355.0	187118.0	194365.0	201241.0	207634.0	213503.0	219063.0	224151.0	228960.0	233174.0	237077.0	240625.0	243779.0	246609.0	249202.0	251579.0	253699.0	255645.0	257362.0	258922.0	260269.0	261507.0	262576.0	263588.0	264475.0	265201.0	265892.0	266545.0	267095.0	267595.0	268040.0	268418.0	268756.0	269045.0
0.0	0.0	0.0	1.0	1.0	2.0	3.0	4.0	5.0	7.0	8.0	10.0	13.0	14.0	15.0	15.0	19.0	22.0	26.0	32.0	38.0	47.0	56.0	67.0	79.0	91.0	113.0	136.0	169.0	197.0	231.0	260.0	321.0	383.0	431.0	506.0	585.0	700.0	812.0	956.0	1133.0	1320.0	1542.0	1802.0	2087.0	2424.0	2848.0	3376.0	3958.0	4631.0	5399.0	6293.0	7323.0	8563.0	10002.0	11554.0	13391.0	15508.0	17846.0	20509.0	23566.0	27008.0	30850.0	35192.0	39859.0	45041.0	50830.0	57144.0	64009.0	71402.0	79098.0	87117.0	95537.0	104295.0	113309.0	122453.0	131557.0	140596.0	149629.0	158461.0	167088.0	175265.0	183225.0	190648.0	197777.0	204463.0	210695.0	216535.0	221866.0	226874.0	231398.0	235486.0	239146.0	242694.0	245732.0	248461.0	250971.0	253230.0	255281.0	257094.0	258680.0	260201.0	261502.0	262671.0	263728.0	264675.0	265497.0	266269.0	266925.0	267508.0	267992.0	268457.0	268872.0	269244.0	269565.0	269837.0	270096.0	270316.0
0.0	0.0	0.0	0.0	0.0	0.0	0.0	0.0	0.0	2.0	2.0	7.0	9.0	9.0	9.0	9.0	10.0	13.0	17.0	20.0	24.0	29.0	34.0	38.0	49.0	61.0	67.0	81.0	96.0	109.0	118.0	133.0	169.0	204.0	240.0	282.0	319.0	364.0	439.0	515.0	624.0	729.0	856.0	996.0	1197.0	1394.0	1627.0	1900.0	2225.0	2587.0	3035.0	3494.0	4082.0	4781.0	5544.0	6513.0	7540.0	8737.0	10179.0	11830.0	13683.0	15781.0	18131.0	20788.0	23901.0	27436.0	31426.0	35740.0	40613.0	45982.0	51889.0	58202.0	65220.0	72747.0	80505.0	88653.0	97254.0	106034.0	115047.0	124305.0	133487.0	142687.0	151697.0	160399.0	168915.0	177122.0	184909.0	192395.0	199311.0	205963.0	212009.0	217651.0	222881.0	227655.0	232235.0	236255.0	239824.0	243209.0	246169.0	248892.0	251387.0	253578.0	255568.0	257359.0	258907.0	260330.0	261605.0	262781.0	263797.0	264691.0	265521.0	266242.0	266850.0	267432.0	267995.0	268394.0	268797.0	269137.0
0.0	0.0	0.0	0.0	0.0	0.0	0.0	0.0	1.0	3.0	3.0	4.0	5.0	9.0	9.0	10.0	10.0	11.0	14.0	14.0	18.0	18.0	19.0	19.0	19.0	21.0	25.0	31.0	35.0	41.0	51.0	62.0	70.0	79.0	107.0	126.0	146.0	169.0	205.0	235.0	279.0	333.0	404.0	465.0	558.0	655.0	767.0	895.0	1052.0	1231.0	1436.0	1721.0	2031.0	2367.0	2774.0	3238.0	3808.0	4422.0	5144.0	5994.0	6954.0	8091.0	9332.0	10748.0	12488.0	14428.0	16657.0	19273.0	22127.0	25578.0	29299.0	33573.0	38305.0	43555.0	49356.0	55574.0	62357.0	69489.0	77181.0	85343.0	93843.0	102566.0	111616.0	120719.0	129865.0	139174.0	148169.0	157169.0	165701.0	173930.0	181893.0	189406.0	196527.0	203276.0	209445.0	215317.0	220633.0	225532.0	229911.0	233957.0	237747.0	241054.0	244218.0	247003.0	249556.0	251842.0	253850.0	255805.0	257454.0	258883.0	260231.0	261440.0	262530.0	263461.0	264305.0	265054.0	265661.0	266280.0
