0.0,0.0,0.0,0.0,0.0,0.0,1.0,1.0,1.0,1.0,1.0,1.0,2.0,5.0,8.0,8.0,10.0,11.0,15.0,18.0,19.0,18.0,20.0,21.0,26.0,24.0,22.0,31.0,38.0,39.0,47.0,49.0,51.0,59.0,69.0,75.0,83.0,99.0,114.0,132.0,166.0,196.0,218.0,257.0,304.0,349.0,418.0,480.0,560.0,650.0,749.0,841.0,977.0,1117.0,1309.0,1501.0,1719.0,1987.0,2291.0,2598.0,2908.0,3158.0,3365.0,3573.0,3767.0,3877.0,4008.0,4065.0,4067.0,4076.0,4094.0,4067.0,4020.0,3942.0,3894.0,3842.0,3742.0,3620.0,3495.0,3397.0,3291.0,3188.0,3070.0,2947.0,2838.0,2726.0,2609.0
0.0,0.0,0.0,0.0,0.0,0.0,1.0,2.0,5.0,5.0,5.0,6.0,10.0,16.0,20.0,24.0,32.0,38.0,48.0,61.0,64.0,75.0,83.0,94.0,110.0,131.0,158.0,182.0,219.0,242.0,275.0,298.0,353.0,399.0,462.0,533.0,586.0,685.0,788.0,890.0,1037.0,1192.0,1349.0,1531.0,1693.0,1956.0,2205.0,2531.0,2945.0,3400.0,3869.0,4446.0,5076.0,5732.0,6467.0,7379.0,8350.0,9465.0,10699.0,11978.0,12977.0,14020.0,14901.0,15622.0,16262.0,16714.0,17151.0,17299.0,17375.0,17411.0,17397.0,17203.0,16943.0,16630.0,16257.0,15882.0,15416.0,15017.0,14557.0,14086.0,13576.0,13090.0,12565.0,12125.0,11705.0,11254.0,10766.0
0.0,0.0,0.0,1.0,2.0,2.0,3.0,5.0,5.0,5.0,5.0,5.0,6.0,6.0,6.0,6.0,6.0,6.0,6.0,7.0,7.0,7.0,7.0,9.0,9.0,8.0,10.0,13.0,13.0,13.0,12.0,10.0,14.0,15.0,16.0,16.0,20.0,24.0,26.0,26.0,32.0,32.0,33.0,33.0,38.0,52.0,57.0,62.0,69.0,77.0,94.0,111.0,129.0,129.0,151.0,175.0,196.0,231.0,269.0,323.0,352.0,391.0,431.0,464.0,487.0,495.0,498.0,511.0,534.0,518.0,520.0,500.0,484.0,477.0,481.0,467.0,454.0,447.0,428.0,421.0,403.0,394.0,380.0,370.0,363.0,346.0,333.0
0.0,0.0,0.0,0.0,0.0,0.0,0.0,2.0,4.0,4.0,4.0,4.0,5.0,6.0,9.0,11.0,14.0,14.0,19.0,24.0,27.0,33.0,41.0,53.0,69.0,72.0,82.0,89.0,100.0,107.0,123.0,145.0,166.0,195.0,207.0,240.0,268.0,322.0,365.0,430.0,491.0,589.0,665.0,750.0,852.0,975.0,1149.0,1349.0,1534.0,1723.0,1906.0,2154.0,2459.0,2802.0,3144.0,3566.0,4015.0,4551.0,5156.0,5796.0,6434.0,7012.0,7538.0,7954.0,8250.0,8538.0,8714.0,8857.0,8939.0,8970.0,8915.0,8833.0,8726.0,8572.0,8356.0,8148.0,8005.0,7781.0,7527.0,7287.0,7042.0,6833.0,6592.0,6340.0,6107.0,5881.0,5677.0
0.0,0.0,0.0,0.0,0.0,2.0,2.0,3.0,4.0,6.0,5.0,6.0,4.0,4.0,5.0,6.0,7.0,9.0,10.0,11.0,11.0,11.0,16.0,16.0,21.0,26.0,30.0,38.0,47.0,55.0,65.0,75.0,85.0,92.0,111.0,130.0,149.0,173.0,200.0,231.0,263.0,314.0,354.0,397.0,465.0,525.0,622.0,733.0,858.0,975.0,1119.0,1248.0,1429.0,1630.0,1856.0,2109.0,2413.0,2796.0,3149.0,3551.0,3910.0,4296.0,4634.0,4889.0,5114.0,5275.0,5404.0,5423.0,5458.0,5508.0,5490.0,5424.0,5371.0,5271.0,5202.0,5093.0,4928.0,4796.0,4668.0,4518.0,4392.0,4274.0,4131.0,3973.0,3853.0,3655.0,3479.0
0.0,0.0,0.0,0.0,1.0,2.0,2.0,3.0,4.0,6.0,7.0,10.0,10.0,9.0,8.0,9.0,9.0,12.0,16.0,20.0,23.0,29.0,34.0,35.0,45.0,53.0,63.0,83.0,90.0,111.0,124.0,137.0,148.0,167.0,192.0,220.0,259.0,306.0,345.0,411.0,472.0,542.0,615.0,704.0,787.0,896.0,1023.0,1159.0,1342.0,1532.0,1725.0,1963.0,2258.0,2540.0,2889.0,3295.0,3756.0,4247.0,4819.0,5481.0,6068.0,6662.0,7223.0,7565.0,7880.0,8177.0,8357.0,8472.0,8563.0,8601.0,8553.0,8502.0,8394.0,8239.0,8099.0,7899.0,7716.0,7474.0,7242.0,7007.0,6807.0,6573.0,6326.0,6071.0,5857.0,5617.0,5420.0
0.0,0.0,0.0,0.0,0.0,0.0,0.0,2.0,3.0,5.0,5.0,8.0,11.0,12.0,15.0,19.0,22.0,27.0,31.0,38.0,42.0,42.0,53.0,61.0,70.0,85.0,94.0,105.0,114.0,120.0,146.0,162.0,185.0,204.0,228.0,260.0,295.0,315.0,354.0,404.0,453.0,473.0,548.0,624.0,710.0,803.0,913.0,1035.0,1149.0,1311.0,1505.0,1735.0,2025.0,2257.0,2588.0,2948.0,3333.0,3789.0,4292.0,4849.0,5439.0,5877.0,6330.0,6638.0,6938.0,7148.0,7348.0,7455.0,7503.0,7571.0,7543.0,7460.0,7378.0,7212.0,7053.0,6910.0,6723.0,6532.0,6351.0,6127.0,5973.0,5810.0,5593.0,5400.0,5188.0,4976.0,4758.0
0.0,0.0,1.0,0.0,1.0,1.0,1.0,2.0,3.0,3.0,6.0,6.0,7.0,8.0,7.0,8.0,11.0,14.0,15.0,18.0,22.0,23.0,29.0,29.0,29.0,33.0,40.0,43.0,52.0,57.0,64.0,75.0,82.0,92.0,113.0,133.0,154.0,164.0,188.0,232.0,253.0,295.0,348.0,392.0,445.0,479.0,556.0,618.0,719.0,823.0,941.0,1094.0,1215.0,1389.0,1573.0,1789.0,2062.0,2347.0,2630.0,2974.0,3304.0,3616.0,3895.0,4084.0,4263.0,4420.0,4541.0,4606.0,4641.0,4664.0,4648.0,4615.0,4525.0,4479.0,4389.0,4282.0,4212.0,4078.0,3928.0,3815.0,3694.0,3578.0,3433.0,3320.0,3213.0,3103.0,2994.0
0.0,0.0,0.0,0.0,0.0,1.0,2.0,5.0,5.0,6.0,8.0,7.0,7.0,8.0,11.0,11.0,12.0,15.0,16.0,20.0,23.0,28.0,36.0,41.0,47.0,60.0,69.0,80.0,92.0,116.0,135.0,162.0,179.0,205.0,226.0,251.0,286.0,341.0,391.0,457.0,525.0,611.0,704.0,797.0,892.0,1016.0,1175.0,1371.0,1550.0,1777.0,2029.0,2284.0,2549.0,2836.0,3247.0,3716.0,4251.0,4848.0,5482.0,6144.0,6807.0,7426.0,8003.0,8457.0,8776.0,9074.0,9273.0,9321.0,9372.0,9411.0,9357.0,9293.0,9187.0,9008.0,8900.0,8714.0,8505.0,8267.0,8021.0,7794.0,7537.0,7266.0,6965.0,6685.0,6453.0,6224.0,5967.0
0.0,0.0,0.0,1.0,1.0,1.0,3.0,3.0,3.0,4.0,6.0,7.0,7.0,9.0,6.0,7.0,9.0,10.0,12.0,17.0,21.0,20.0,24.0,31.0,33.0,38.0,46.0,54.0,59.0,67.0,80.0,91.0,102.0,117.0,147.0,168.0,181.0,196.0,233.0,268.0,319.0,356.0,405.0,443.0,505.0,558.0,610.0,687.0,793.0,884.0,1030.0,1180.0,1325.0,1506.0,1753.0,1977.0,2242.0,2571.0,2917.0,3286.0,3641.0,3987.0,4265.0,4434.0,4598.0,4725.0,4774.0,4866.0,4897.0,4915.0,4894.0,4859.0,4773.0,4690.0,4579.0,4430.0,4333.0,4193.0,4085.0,3969.0,3812.0,3710.0,3570.0,3423.0,3297.0,3158.0,3015.0
0.0,0.0,0.0,0.0,0.0,0.0,2.0,1.0,1.0,1.0,4.0,5.0,8.0,10.0,10.0,16.0,18.0,19.0,23.0,26.0,35.0,35.0,39.0,38.0,46.0,47.0,48.0,51.0,55.0,66.0,68.0,83.0,91.0,110.0,126.0,140.0,161.0,173.0,193.0,214.0,248.0,288.0,340.0,375.0,442.0,505.0,591.0,684.0,773.0,902.0,1034.0,1174.0,1310.0,1523.0,1732.0,1980.0,2250.0,2623.0,2970.0,3347.0,3714.0,4072.0,4386.0,4624.0,4807.0,4910.0,5044.0,5107.0,5171.0,5248.0,5207.0,5164.0,5081.0,4961.0,4864.0,4750.0,4632.0,4521.0,4394.0,4246.0,4123.0,3967.0,3849.0,3693.0,3568.0,3416.0,3266.0
0.0,0.0,0.0,0.0,1.0,2.0,2.0,3.0,4.0,5.0,5.0,8.0,10.0,11.0,13.0,11.0,14.0,15.0,15.0,18.0,24.0,27.0,27.0,39.0,43.0,52.0,60.0,70.0,77.0,86.0,110.0,127.0,146.0,155.0,179.0,225.0,249.0,274.0,316.0,365.0,424.0,476.0,537.0,611.0,678.0,782.0,891.0,1001.0,1110.0,1245.0,1430.0,1690.0,1903.0,2213.0,2546.0,2930.0,3345.0,3791.0,4375.0,4961.0,5500.0,5951.0,6344.0,6675.0,6972.0,7194.0,7394.0,7524.0,7606.0,7655.0,7594.0,7557.0,7474.0,7312.0,7248.0,7074.0,6844.0,6689.0,6490.0,6258.0,6051.0,5840.0,5627.0,5392.0,5223.0,5046.0,4860.0
0.0,0.0,0.0,0.0,0.0,0.0,1.0,3.0,5.0,5.0,6.0,6.0,6.0,7.0,9.0,9.0,10.0,10.0,11.0,11.0,11.0,13.0,13.0,12.0,13.0,14.0,17.0,21.0,28.0,31.0,30.0,31.0,39.0,46.0,52.0,50.0,58.0,66.0,72.0,80.0,90.0,103.0,123.0,143.0,166.0,192.0,213.0,251.0,282.0,313.0,350.0,407.0,468.0,551.0,634.0,734.0,847.0,975.0,1108.0,1285.0,1410.0,1531.0,1641.0,1711.0,1788.0,1886.0,1945.0,1967.0,1980.0,1969.0,1990.0,1973.0,1968.0,1934.0,1913.0,1862.0,1837.0,1787.0,1741.0,1699.0,1661.0,1620.0,1565.0,1498.0,1433.0,1377.0,1339.0
0.0,0.0,0.0,0.0,0.0,0.0,0.0,1.0,2.0,5.0,5.0,7.0,10.0,16.0,18.0,22.0,28.0,31.0,37.0,45.0,51.0,61.0,71.0,82.0,92.0,104.0,118.0,132.0,148.0,169.0,202.0,227.0,263.0,302.0,337.0,391.0,444.0,516.0,579.0,652.0,755.0,866.0,988.0,1159.0,1308.0,1522.0,1747.0,2025.0,2306.0,2620.0,3025.0,3441.0,4008.0,4593.0,5307.0,6112.0,6916.0,7859.0,8827.0,9863.0,10988.0,11925.0,12852.0,13600.0,14123.0,14573.0,14893.0,15062.0,15112.0,15173.0,15069.0,14855.0,14572.0,14359.0,14079.0,13691.0,13269.0,12869.0,12489.0,12060.0,11633.0,11202.0,10849.0,10414.0,10069.0,9670.0,9334.0
0.0,0.0,0.0,0.0,0.0,0.0,0.0,0.0,2.0,3.0,5.0,5.0,4.0,8.0,10.0,14.0,17.0,16.0,15.0,19.0,22.0,26.0,26.0,27.0,26.0,29.0,37.0,47.0,52.0,55.0,63.0,75.0,97.0,105.0,123.0,148.0,166.0,205.0,234.0,273.0,309.0,358.0,422.0,507.0,586.0,665.0,747.0,870.0,983.0,1137.0,1294.0,1465.0,1657.0,1866.0,2157.0,2472.0,2783.0,3197.0,3645.0,4124.0,4572.0,4985.0,5318.0,5626.0,5843.0,6055.0,6219.0,6308.0,6403.0,6443.0,6417.0,6385.0,6303.0,6237.0,6162.0,6027.0,5888.0,5738.0,5576.0,5458.0,5266.0,5062.0,4855.0,4680.0,4508.0,4319.0,4128.0
0.0,0.0,0.0,0.0,2.0,2.0,2.0,3.0,4.0,5.0,6.0,9.0,12.0,19.0,19.0,27.0,41.0,46.0,60.0,73.0,79.0,87.0,100.0,117.0,141.0,169.0,201.0,238.0,268.0,307.0,353.0,402.0,461.0,525.0,596.0,695.0,756.0,883.0,1028.0,1192.0,1363.0,1548.0,1760.0,2053.0,2339.0,2700.0,3087.0,3497.0,3978.0,4526.0,5154.0,5916.0,6808.0,7800.0,8800.0,10030.0,11342.0,12953.0,14613.0,16238.0,17919.0,19363.0,20584.0,21602.0,22317.0,22916.0,23299.0,23550.0,23601.0,23509.0,23338.0,23034.0,22628.0,22150.0,21679.0,21103.0,20532.0,19852.0,19251.0,18554.0,17964.0,17273.0,16616.0,15966.0,15364.0,14762.0,14169.0
0.0,0.0,0.0,0.0,0.0,1.0,1.0,2.0,3.0,5.0,6.0,8.0,9.0,13.0,13.0,17.0,17.0,19.0,22.0,24.0,30.0,34.0,38.0,42.0,48.0,56.0,59.0,72.0,85.0,103.0,123.0,135.0,157.0,176.0,198.0,223.0,261.0,296.0,327.0,387.0,430.0,501.0,566.0,653.0,773.0,899.0,1049.0,1210.0,1365.0,1573.0,1785.0,2001.0,2230.0,2545.0,2924.0,3358.0,3792.0,4351.0,4956.0,5614.0,6151.0,6672.0,7172.0,7603.0,7975.0,8190.0,8390.0,8524.0,8628.0,8656.0,8617.0,8543.0,8423.0,8279.0,8112.0,7938.0,7748.0,7576.0,7320.0,7098.0,6852.0,6640.0,6364.0,6167.0,5933.0,5711.0,5503.0
0.0,0.0,0.0,0.0,0.0,1.0,4.0,4.0,5.0,5.0,6.0,7.0,7.0,9.0,9.0,11.0,13.0,15.0,17.0,23.0,23.0,25.0,35.0,38.0,41.0,46.0,62.0,64.0,70.0,77.0,87.0,93.0,103.0,121.0,132.0,156.0,185.0,218.0,260.0,290.0,337.0,393.0,455.0,516.0,584.0,669.0,770.0,859.0,969.0,1112.0,1256.0,1419.0,1682.0,1947.0,2218.0,2539.0,2892.0,3323.0,3757.0,4217.0,4652.0,5087.0,5480.0,5784.0,6019.0,6225.0,6422.0,6552.0,6606.0,6640.0,6643.0,6600.0,6495.0,6372.0,6214.0,6082.0,5940.0,5737.0,5583.0,5400.0,5195.0,4974.0,4833.0,4667.0,4504.0,4347.0,4147.0
0.0,0.0,0.0,0.0,0.0,1.0,3.0,6.0,6.0,6.0,10.0,12.0,15.0,16.0,15.0,17.0,19.0,26.0,29.0,29.0,35.0,38.0,37.0,37.0,44.0,54.0,60.0,64.0,70.0,76.0,85.0,95.0,103.0,133.0,148.0,168.0,179.0,212.0,247.0,277.0,308.0,352.0,401.0,460.0,507.0,590.0,684.0,795.0,931.0,1070.0,1229.0,1404.0,1612.0,1806.0,2079.0,2386.0,2782.0,3197.0,3701.0,4194.0,4704.0,5080.0,5446.0,5676.0,5932.0,6105.0,6245.0,6332.0,6357.0,6384.0,6352.0,6333.0,6288.0,6179.0,6077.0,5913.0,5730.0,5584.0,5417.0,5288.0,5123.0,4959.0,4771.0,4613.0,4438.0,4269.0,4101.0
0.0,0.0,0.0,0.0,0.0,0.0,1.0,3.0,3.0,4.0,4.0,7.0,7.0,9.0,10.0,12.0,15.0,18.0,21.0,25.0,30.0,33.0,35.0,39.0,44.0,50.0,55.0,65.0,74.0,86.0,98.0,113.0,128.0,154.0,170.0,197.0,220.0,233.0,276.0,312.0,355.0,411.0,468.0,537.0,622.0,696.0,793.0,930.0,1070.0,1212.0,1385.0,1569.0,1767.0,1991.0,2259.0,2565.0,2944.0,3448.0,3880.0,4308.0,4741.0,5172.0,5579.0,5936.0,6159.0,6405.0,6557.0,6643.0,6667.0,6684.0,6705.0,6658.0,6585.0,6470.0,6370.0,6210.0,6054.0,5875.0,5720.0,5517.0,5334.0,5149.0,4959.0,4774.0,4621.0,4427.0,4274.0
0.0,0.0,0.0,1.0,2.0,1.0,1.0,1.0,1.0,1.0,2.0,3.0,4.0,3.0,3.0,4.0,6.0,7.0,8.0,10.0,12.0,13.0,19.0,23.0,26.0,29.0,36.0,38.0,49.0,54.0,67.0,80.0,82.0,96.0,112.0,119.0,152.0,183.0,201.0,231.0,271.0,322.0,362.0,420.0,467.0,533.0,627.0,733.0,828.0,967.0,1103.0,1246.0,1429.0,1625.0,1887.0,2150.0,2460.0,2778.0,3119.0,3494.0,3939.0,4293.0,4664.0,4901.0,5148.0,5288.0,5384.0,5479.0,5520.0,5535.0,5522.0,5494.0,5503.0,5449.0,5372.0,5231.0,5107.0,4946.0,4776.0,4644.0,4493.0,4331.0,4180.0,4054.0,3896.0,3723.0,3596.0
0.0,0.0,0.0,0.0,1.0,1.0,2.0,4.0,5.0,5.0,5.0,6.0,8.0,12.0,12.0,16.0,22.0,26.0,32.0,36.0,40.0,46.0,54.0,58.0,63.0,73.0,80.0,90.0,102.0,114.0,133.0,160.0,173.0,202.0,248.0,286.0,330.0,383.0,437.0,498.0,549.0,612.0,707.0,800.0,955.0,1076.0,1249.0,1394.0,1574.0,1805.0,2067.0,2363.0,2705.0,3072.0,3519.0,3969.0,4576.0,5163.0,5881.0,6524.0,7211.0,7755.0,8309.0,8685.0,9123.0,9397.0,9588.0,9769.0,9847.0,9829.0,9848.0,9725.0,9617.0,9505.0,9284.0,9117.0,8838.0,8651.0,8388.0,8124.0,7837.0,7534.0,7284.0,7034.0,6734.0,6473.0,6237.0
0.0,0.0,0.0,0.0,1.0,1.0,1.0,1.0,2.0,5.0,5.0,8.0,8.0,9.0,17.0,19.0,27.0,29.0,33.0,33.0,39.0,44.0,49.0,59.0,75.0,78.0,92.0,109.0,124.0,143.0,165.0,180.0,214.0,249.0,269.0,299.0,343.0,386.0,436.0,517.0,607.0,689.0,809.0,949.0,1065.0,1212.0,1368.0,1526.0,1733.0,2002.0,2343.0,2702.0,3086.0,3500.0,3994.0,4514.0,5140.0,5814.0,6574.0,7352.0,8127.0,8840.0,9472.0,9998.0,10431.0,10697.0,10873.0,11009.0,11069.0,11075.0,11047.0,10960.0,10719.0,10546.0,10287.0,10013.0,9666.0,9351.0,9024.0,8752.0,8431.0,8153.0,7867.0,7537.0,7284.0,7006.0,6744.0
0.0,0.0,0.0,0.0,0.0,1.0,2.0,3.0,2.0,2.0,3.0,4.0,4.0,5.0,6.0,7.0,5.0,6.0,8.0,9.0,11.0,13.0,14.0,19.0,25.0,30.0,37.0,45.0,54.0,65.0,72.0,81.0,99.0,119.0,144.0,170.0,200.0,225.0,254.0,298.0,338.0,386.0,444.0,527.0,625.0,689.0,779.0,912.0,1062.0,1251.0,1420.0,1603.0,1816.0,2097.0,2411.0,2762.0,3165.0,3589.0,4079.0,4538.0,5076.0,5538.0,5937.0,6281.0,6592.0,6772.0,6966.0,7077.0,7155.0,7158.0,7115.0,7068.0,6973.0,6840.0,6693.0,6534.0,6391.0,6235.0,6113.0,5943.0,5772.0,5613.0,5416.0,5188.0,4962.0,4749.0,4566.0
0.0,0.0,0.0,0.0,0.0,0.0,0.0,2.0,2.0,2.0,2.0,5.0,7.0,6.0,7.0,8.0,8.0,10.0,9.0,11.0,12.0,13.0,16.0,19.0,22.0,24.0,26.0,25.0,31.0,36.0,40.0,42.0,47.0,46.0,56.0,65.0,70.0,78.0,97.0,112.0,130.0,144.0,163.0,194.0,218.0,245.0,271.0,311.0,349.0,380.0,435.0,498.0,571.0,660.0,756.0,886.0,1012.0,1147.0,1285.0,1475.0,1649.0,1791.0,1914.0,2024.0,2113.0,2203.0,2252.0,2293.0,2293.0,2298.0,2282.0,2236.0,2230.0,2187.0,2166.0,2118.0,2079.0,2037.0,1981.0,1913.0,1858.0,1786.0,1705.0,1661.0,1605.0,1539.0,1498.0
0.0,0.0,0.0,0.0,1.0,2.0,2.0,3.0,4.0,5.0,5.0,6.0,5.0,3.0,4.0,3.0,4.0,3.0,4.0,5.0,7.0,8.0,8.0,13.0,12.0,12.0,12.0,11.0,14.0,17.0,22.0,26.0,31.0,33.0,32.0,31.0,33.0,37.0,36.0,38.0,48.0,54.0,59.0,62.0,71.0,78.0,90.0,99.0,122.0,140.0,165.0,170.0,205.0,246.0,275.0,319.0,356.0,407.0,454.0,496.0,555.0,593.0,641.0,661.0,687.0,697.0,709.0,722.0,715.0,724.0,733.0,748.0,739.0,739.0,738.0,731.0,708.0,692.0,664.0,658.0,645.0,645.0,625.0,612.0,590.0,573.0,563.0
0.0,0.0,0.0,0.0,0.0,0.0,0.0,0.0,0.0,3.0,3.0,5.0,8.0,10.0,12.0,14.0,18.0,29.0,38.0,48.0,55.0,67.0,79.0,104.0,127.0,144.0,163.0,172.0,204.0,237.0,272.0,300.0,361.0,399.0,447.0,505.0,594.0,690.0,802.0,915.0,1055.0,1193.0,1382.0,1598.0,1844.0,2096.0,2380.0,2722.0,3100.0,3564.0,4062.0,4634.0,5284.0,6069.0,6820.0,7687.0,8760.0,9955.0,11270.0,12557.0,13772.0,14904.0,15886.0,16747.0,17450.0,17972.0,18228.0,18484.0,18630.0,18599.0,18491.0,18207.0,17910.0,17513.0,17150.0,16742.0,16368.0,15829.0,15334.0,14891.0,14383.0,13860.0,13368.0,12842.0,12339.0,11794.0,11302.0
0.0,0.0,0.0,0.0,0.0,2.0,3.0,5.0,6.0,9.0,10.0,9.0,10.0,14.0,13.0,17.0,17.0,19.0,21.0,31.0,35.0,39.0,51.0,60.0,69.0,76.0,87.0,101.0,116.0,124.0,149.0,167.0,191.0,214.0,241.0,285.0,316.0,352.0,398.0,458.0,536.0,624.0,734.0,844.0,948.0,1081.0,1227.0,1408.0,1613.0,1835.0,2125.0,2427.0,2781.0,3177.0,3663.0,4208.0,4789.0,5430.0,6240.0,7066.0,7892.0,8605.0,9302.0,9747.0,10224.0,10582.0,10800.0,10947.0,11018.0,11027.0,10942.0,10891.0,10772.0,10552.0,10308.0,10085.0,9849.0,9559.0,9325.0,9005.0,8705.0,8388.0,8033.0,7710.0,7409.0,7119.0,6844.0
0.0,0.0,0.0,1.0,0.0,0.0,0.0,2.0,4.0,4.0,5.0,5.0,5.0,7.0,8.0,9.0,11.0,13.0,13.0,13.0,14.0,13.0,13.0,15.0,17.0,19.0,24.0,27.0,32.0,33.0,36.0,42.0,52.0,50.0,57.0,72.0,90.0,104.0,127.0,146.0,182.0,200.0,235.0,265.0,320.0,365.0,425.0,497.0,569.0,651.0,748.0,838.0,964.0,1076.0,1237.0,1442.0,1616.0,1840.0,2110.0,2421.0,2709.0,2935.0,3123.0,3314.0,3457.0,3572.0,3621.0,3693.0,3739.0,3730.0,3720.0,3659.0,3587.0,3528.0,3472.0,3380.0,3292.0,3207.0,3111.0,3007.0,2902.0,2782.0,2692.0,2632.0,2530.0,2446.0,2342.0
0.0,0.0,0.0,1.0,1.0,2.0,3.0,3.0,3.0,3.0,3.0,6.0,10.0,12.0,13.0,12.0,16.0,16.0,17.0,21.0,25.0,32.0,37.0,42.0,47.0,50.0,61.0,75.0,85.0,101.0,111.0,132.0,173.0,202.0,232.0,260.0,307.0,358.0,420.0,488.0,550.0,637.0,721.0,817.0,913.0,1033.0,1166.0,1317.0,1563.0,1823.0,2069.0,2360.0,2703.0,3077.0,3565.0,4048.0,4636.0,5257.0,5940.0,6679.0,7353.0,7970.0,8542.0,8993.0,9386.0,9634.0,9767.0,9896.0,9931.0,9913.0,9866.0,9818.0,9675.0,9527.0,9316.0,9137.0,8916.0,8723.0,8468.0,8201.0,8001.0,7764.0,7478.0,7196.0,6967.0,6710.0,6481.0
0.0,0.0,0.0,0.0,2.0,2.0,4.0,6.0,7.0,8.0,9.0,13.0,13.0,15.0,18.0,16.0,17.0,23.0,23.0,27.0,32.0,35.0,39.0,42.0,44.0,51.0,62.0,73.0,88.0,102.0,111.0,132.0,142.0,162.0,175.0,201.0,219.0,248.0,267.0,310.0,349.0,393.0,459.0,528.0,582.0,666.0,750.0,867.0,972.0,1101.0,1251.0,1467.0,1657.0,1897.0,2181.0,2500.0,2826.0,3220.0,3630.0,4090.0,4525.0,4924.0,5256.0,5510.0,5724.0,5887.0,6047.0,6133.0,6148.0,6152.0,6166.0,6109.0,6038.0,5968.0,5841.0,5746.0,5606.0,5459.0,5321.0,5156.0,4995.0,4824.0,4677.0,4537.0,4343.0,4183.0,4009.0
0.0,0.0,0.0,0.0,1.0,3.0,5.0,7.0,9.0,11.0,13.0,12.0,14.0,15.0,17.0,19.0,23.0,30.0,36.0,38.0,44.0,55.0,61.0,65.0,66.0,74.0,86.0,96.0,113.0,124.0,145.0,168.0,190.0,215.0,252.0,291.0,329.0,385.0,448.0,500.0,562.0,645.0,728.0,820.0,939.0,1066.0,1242.0,1421.0,1594.0,1797.0,2084.0,2429.0,2724.0,3133.0,3559.0,4037.0,4611.0,5234.0,5905.0,6650.0,7401.0,8003.0,8555.0,9053.0,9412.0,9696.0,9885.0,10022.0,10119.0,10149.0,10140.0,10058.0,9915.0,9773.0,9575.0,9323.0,9055.0,8788.0,8544.0,8271.0,8016.0,7734.0,7433.0,7129.0,6869.0,6599.0,6341.0
0.0,0.0,0.0,0.0,1.0,1.0,2.0,2.0,6.0,6.0,8.0,9.0,11.0,15.0,15.0,20.0,23.0,25.0,27.0,29.0,33.0,40.0,42.0,49.0,57.0,63.0,65.0,74.0,86.0,96.0,110.0,120.0,134.0,154.0,172.0,189.0,220.0,242.0,268.0,313.0,340.0,386.0,433.0,500.0,571.0,654.0,758.0,882.0,1000.0,1149.0,1314.0,1504.0,1746.0,2011.0,2326.0,2670.0,3087.0,3537.0,4038.0,4554.0,5029.0,5471.0,5820.0,6165.0,6477.0,6677.0,6841.0,6967.0,7029.0,7034.0,7021.0,6959.0,6876.0,6762.0,6661.0,6450.0,6272.0,6110.0,5953.0,5768.0,5553.0,5359.0,5188.0,5010.0,4817.0,4671.0,4523.0
0.0,0.0,0.0,0.0,0.0,0.0,0.0,4.0,4.0,8.0,8.0,9.0,14.0,14.0,19.0,19.0,22.0,30.0,38.0,42.0,44.0,52.0,54.0,60.0,71.0,83.0,95.0,105.0,121.0,142.0,160.0,189.0,233.0,266.0,291.0,312.0,349.0,411.0,468.0,516.0,612.0,701.0,802.0,912.0,1040.0,1172.0,1335.0,1544.0,1768.0,2015.0,2321.0,2648.0,3045.0,3492.0,3941.0,4475.0,5087.0,5796.0,6564.0,7378.0,8179.0,8886.0,9499.0,10031.0,10480.0,10767.0,10995.0,11175.0,11333.0,11370.0,11301.0,11182.0,11033.0,10849.0,10635.0,10404.0,10187.0,9932.0,9621.0,9316.0,8934.0,8579.0,8289.0,8015.0,7702.0,7425.0,7149.0
0.0,0.0,0.0,0.0,1.0,2.0,2.0,3.0,4.0,5.0,7.0,7.0,9.0,8.0,11.0,13.0,14.0,23.0,28.0,35.0,41.0,46.0,48.0,54.0,63.0,73.0,83.0,103.0,119.0,136.0,155.0,169.0,195.0,229.0,256.0,301.0,349.0,390.0,451.0,537.0,618.0,703.0,838.0,966.0,1107.0,1259.0,1423.0,1655.0,1846.0,2151.0,2438.0,2770.0,3200.0,3660.0,4121.0,4679.0,5321.0,6041.0,6791.0,7558.0,8382.0,9064.0,9719.0,10225.0,10617.0,10989.0,11235.0,11358.0,11504.0,11503.0,11364.0,11203.0,11037.0,10838.0,10616.0,10370.0,10083.0,9809.0,9526.0,9228.0,8955.0,8666.0,8337.0,8036.0,7778.0,7445.0,7139.0
0.0,0.0,0.0,0.0,2.0,2.0,2.0,4.0,6.0,6.0,6.0,7.0,6.0,8.0,9.0,8.0,10.0,11.0,15.0,20.0,21.0,25.0,28.0,31.0,37.0,40.0,43.0,47.0,53.0,64.0,79.0,91.0,109.0,128.0,150.0,181.0,206.0,232.0,258.0,306.0,357.0,423.0,494.0,569.0,672.0,764.0,853.0,980.0,1093.0,1247.0,1419.0,1639.0,1859.0,2100.0,2371.0,2707.0,3061.0,3455.0,3916.0,4443.0,4877.0,5334.0,5706.0,6053.0,6316.0,6508.0,6675.0,6695.0,6724.0,6756.0,6664.0,6626.0,6543.0,6415.0,6265.0,6102.0,6007.0,5836.0,5660.0,5460.0,5272.0,5071.0,4884.0,4682.0,4517.0,4331.0,4170.0
0.0,0.0,0.0,1.0,2.0,2.0,2.0,2.0,3.0,3.0,3.0,4.0,4.0,6.0,8.0,9.0,9.0,11.0,14.0,14.0,17.0,18.0,20.0,23.0,23.0,23.0,23.0,24.0,25.0,28.0,27.0,32.0,35.0,41.0,43.0,50.0,59.0,64.0,77.0,86.0,109.0,131.0,148.0,148.0,178.0,207.0,232.0,282.0,306.0,341.0,387.0,447.0,498.0,560.0,639.0,740.0,846.0,987.0,1130.0,1264.0,1407.0,1542.0,1659.0,1736.0,1809.0,1867.0,1905.0,1925.0,1950.0,1971.0,2006.0,1989.0,1985.0,1970.0,1928.0,1906.0,1874.0,1823.0,1766.0,1728.0,1687.0,1632.0,1597.0,1531.0,1466.0,1418.0,1370.0
0.0,0.0,0.0,1.0,1.0,2.0,2.0,3.0,4.0,5.0,7.0,8.0,8.0,8.0,10.0,9.0,11.0,14.0,20.0,28.0,33.0,41.0,46.0,48.0,61.0,66.0,74.0,81.0,96.0,115.0,124.0,142.0,161.0,179.0,200.0,237.0,288.0,323.0,354.0,389.0,439.0,483.0,562.0,645.0,750.0,868.0,983.0,1147.0,1284.0,1493.0,1717.0,1946.0,2241.0,2564.0,2963.0,3388.0,3837.0,4426.0,5063.0,5717.0,6377.0,6944.0,7448.0,7861.0,8185.0,8424.0,8610.0,8756.0,8832.0,8843.0,8801.0,8692.0,8545.0,8385.0,8193.0,7993.0,7801.0,7578.0,7341.0,7115.0,6856.0,6576.0,6320.0,6086.0,5866.0,5638.0,5411.0
0.0,0.0,0.0,0.0,3.0,3.0,3.0,5.0,5.0,4.0,6.0,6.0,7.0,10.0,10.0,11.0,13.0,13.0,15.0,15.0,18.0,23.0,25.0,31.0,30.0,36.0,37.0,47.0,53.0,68.0,74.0,78.0,87.0,100.0,113.0,132.0,141.0,158.0,168.0,186.0,206.0,231.0,276.0,314.0,366.0,415.0,465.0,518.0,580.0,660.0,760.0,847.0,967.0,1099.0,1257.0,1418.0,1639.0,1827.0,2092.0,2362.0,2677.0,2916.0,3120.0,3295.0,3436.0,3586.0,3623.0,3699.0,3704.0,3714.0,3735.0,3681.0,3624.0,3567.0,3494.0,3394.0,3317.0,3204.0,3088.0,2980.0,2888.0,2804.0,2750.0,2656.0,2564.0,2475.0,2395.0
0.0,0.0,0.0,1.0,1.0,1.0,1.0,3.0,3.0,3.0,5.0,5.0,6.0,10.0,11.0,15.0,18.0,18.0,28.0,35.0,48.0,52.0,53.0,60.0,70.0,89.0,107.0,131.0,153.0,169.0,213.0,235.0,269.0,305.0,357.0,408.0,458.0,549.0,612.0,712.0,819.0,921.0,1038.0,1260.0,1423.0,1626.0,1831.0,2054.0,2336.0,2757.0,3173.0,3634.0,4092.0,4664.0,5380.0,6173.0,6996.0,7958.0,8978.0,10033.0,11039.0,11970.0,12749.0,13360.0,13977.0,14362.0,14639.0,14853.0,14976.0,14987.0,14919.0,14701.0,14521.0,14270.0,13954.0,13601.0,13282.0,12917.0,12538.0,12119.0,11660.0,11280.0,10868.0,10511.0,10098.0,9715.0,9341.0
0.0,0.0,0.0,0.0,0.0,1.0,2.0,5.0,4.0,4.0,4.0,6.0,6.0,7.0,9.0,11.0,13.0,17.0,20.0,22.0,22.0,27.0,32.0,43.0,48.0,49.0,54.0,64.0,74.0,93.0,104.0,117.0,126.0,144.0,175.0,187.0,219.0,248.0,279.0,324.0,371.0,441.0,526.0,624.0,705.0,835.0,943.0,1088.0,1227.0,1395.0,1588.0,1834.0,2107.0,2407.0,2764.0,3131.0,3502.0,4014.0,4582.0,5127.0,5684.0,6242.0,6676.0,7034.0,7340.0,7492.0,7661.0,7752.0,7818.0,7787.0,7727.0,7665.0,7537.0,7405.0,7280.0,7108.0,6939.0,6764.0,6544.0,6317.0,6069.0,5872.0,5667.0,5461.0,5237.0,5039.0,4851.0
0.0,0.0,0.0,0.0,0.0,1.0,2.0,3.0,2.0,4.0,5.0,8.0,8.0,9.0,8.0,8.0,9.0,12.0,14.0,14.0,14.0,15.0,17.0,20.0,19.0,23.0,25.0,32.0,41.0,42.0,46.0,51.0,63.0,69.0,71.0,79.0,83.0,95.0,100.0,113.0,119.0,144.0,158.0,171.0,187.0,222.0,242.0,271.0,303.0,371.0,451.0,519.0,585.0,657.0,736.0,834.0,972.0,1103.0,1277.0,1437.0,1587.0,1742.0,1862.0,1974.0,2026.0,2068.0,2140.0,2175.0,2184.0,2156.0,2135.0,2136.0,2089.0,2053.0,2015.0,1964.0,1911.0,1881.0,1827.0,1769.0,1722.0,1700.0,1667.0,1621.0,1553.0,1506.0,1433.0
0.0,0.0,0.0,0.0,0.0,1.0,3.0,3.0,4.0,5.0,6.0,7.0,8.0,7.0,7.0,8.0,9.0,8.0,10.0,13.0,17.0,19.0,21.0,21.0,21.0,25.0,32.0,34.0,36.0,40.0,40.0,47.0,54.0,59.0,74.0,81.0,93.0,104.0,118.0,133.0,156.0,178.0,205.0,221.0,249.0,288.0,323.0,361.0,407.0,460.0,521.0,587.0,652.0,726.0,839.0,955.0,1094.0,1225.0,1409.0,1562.0,1715.0,1945.0,2062.0,2179.0,2282.0,2376.0,2424.0,2442.0,2454.0,2460.0,2448.0,2458.0,2434.0,2380.0,2349.0,2308.0,2260.0,2221.0,2167.0,2096.0,2018.0,1941.0,1873.0,1797.0,1738.0,1657.0,1596.0
0.0,0.0,0.0,0.0,0.0,1.0,1.0,2.0,6.0,7.0,10.0,11.0,13.0,13.0,13.0,16.0,16.0,24.0,26.0,30.0,37.0,44.0,46.0,50.0,60.0,71.0,84.0,90.0,102.0,122.0,143.0,164.0,203.0,237.0,270.0,302.0,359.0,402.0,460.0,541.0,638.0,714.0,806.0,928.0,1052.0,1198.0,1375.0,1614.0,1836.0,2148.0,2440.0,2803.0,3199.0,3696.0,4221.0,4819.0,5463.0,6194.0,6942.0,7818.0,8640.0,9396.0,10029.0,10565.0,11027.0,11383.0,11604.0,11772.0,11844.0,11864.0,11793.0,11697.0,11595.0,11342.0,11043.0,10805.0,10507.0,10174.0,9863.0,9538.0,9264.0,8946.0,8622.0,8305.0,7963.0,7637.0,7319.0
0.0,0.0,0.0,0.0,0.0,0.0,1.0,1.0,3.0,5.0,6.0,10.0,16.0,20.0,23.0,24.0,28.0,30.0,34.0,39.0,43.0,48.0,62.0,69.0,83.0,100.0,111.0,122.0,138.0,156.0,181.0,211.0,243.0,279.0,324.0,376.0,422.0,471.0,545.0,638.0,736.0,827.0,944.0,1096.0,1230.0,1404.0,1585.0,1827.0,2089.0,2398.0,2699.0,3039.0,3484.0,4002.0,4550.0,5227.0,6014.0,6870.0,7810.0,8695.0,9531.0,10384.0,11111.0,11728.0,12178.0,12469.0,12780.0,12837.0,12959.0,13001.0,12868.0,12703.0,12554.0,12340.0,12055.0,11803.0,11426.0,11139.0,10804.0,10448.0,10071.0,9706.0,9394.0,9036.0,8707.0,8401.0,8085.0
0.0,0.0,0.0,1.0,1.0,1.0,3.0,4.0,4.0,6.0,6.0,6.0,6.0,6.0,5.0,6.0,4.0,5.0,5.0,7.0,9.0,9.0,11.0,11.0,14.0,13.0,19.0,21.0,24.0,30.0,34.0,38.0,46.0,51.0,63.0,65.0,80.0,100.0,124.0,143.0,167.0,185.0,221.0,255.0,289.0,338.0,383.0,421.0,480.0,555.0,613.0,693.0,769.0,892.0,1011.0,1141.0,1294.0,1481.0,1719.0,1952.0,2173.0,2372.0,2519.0,2641.0,2709.0,2791.0,2875.0,2913.0,2953.0,2942.0,2912.0,2889.0,2864.0,2834.0,2767.0,2707.0,2610.0,2528.0,2474.0,2394.0,2278.0,2186.0,2096.0,2034.0,1968.0,1902.0,1825.0
0.0,0.0,0.0,0.0,0.0,1.0,1.0,2.0,2.0,2.0,3.0,6.0,8.0,11.0,13.0,12.0,14.0,16.0,18.0,24.0,26.0,35.0,42.0,45.0,54.0,60.0,68.0,75.0,88.0,95.0,116.0,131.0,149.0,172.0,189.0,207.0,238.0,270.0,301.0,355.0,408.0,469.0,541.0,644.0,734.0,840.0,959.0,1083.0,1253.0,1406.0,1607.0,1862.0,2141.0,2438.0,2771.0,3211.0,3606.0,4127.0,4701.0,5258.0,5797.0,6326.0,6822.0,7189.0,7525.0,7750.0,7950.0,8071.0,8155.0,8193.0,8154.0,8101.0,7998.0,7930.0,7756.0,7563.0,7389.0,7232.0,7061.0,6843.0,6615.0,6438.0,6187.0,5987.0,5766.0,5550.0,5330.0
0.0,0.0,0.0,1.0,1.0,2.0,2.0,1.0,1.0,2.0,4.0,6.0,8.0,10.0,10.0,12.0,14.0,18.0,20.0,21.0,20.0,22.0,26.0,35.0,41.0,39.0,44.0,47.0,50.0,53.0,57.0,69.0,79.0,96.0,101.0,122.0,144.0,159.0,182.0,209.0,257.0,283.0,330.0,368.0,426.0,507.0,581.0,654.0,751.0,865.0,989.0,1123.0,1252.0,1388.0,1608.0,1836.0,2109.0,2415.0,2748.0,3081.0,3408.0,3719.0,4050.0,4313.0,4507.0,4658.0,4773.0,4822.0,4861.0,4874.0,4860.0,4796.0,4688.0,4561.0,4513.0,4412.0,4279.0,4196.0,4093.0,3932.0,3854.0,3678.0,3535.0,3433.0,3314.0,3165.0,3051.0
0.0,0.0,0.0,0.0,1.0,1.0,1.0,1.0,2.0,3.0,4.0,8.0,10.0,12.0,13.0,15.0,15.0,18.0,21.0,23.0,27.0,29.0,35.0,36.0,40.0,49.0,56.0,58.0,65.0,67.0,79.0,90.0,97.0,103.0,130.0,150.0,172.0,197.0,217.0,242.0,286.0,327.0,377.0,425.0,483.0,582.0,674.0,754.0,851.0,973.0,1100.0,1273.0,1459.0,1655.0,1886.0,2150.0,2465.0,2777.0,3152.0,3528.0,3911.0,4278.0,4545.0,4793.0,4995.0,5129.0,5247.0,5332.0,5399.0,5404.0,5347.0,5298.0,5229.0,5175.0,5055.0,4936.0,4808.0,4692.0,4568.0,4435.0,4285.0,4150.0,3987.0,3845.0,3713.0,3568.0,3423.0
0.0,0.0,0.0,2.0,2.0,3.0,3.0,3.0,3.0,5.0,5.0,4.0,8.0,11.0,12.0,13.0,14.0,19.0,22.0,26.0,28.0,37.0,43.0,49.0,50.0,59.0,71.0,80.0,96.0,111.0,125.0,146.0,172.0,203.0,237.0,281.0,313.0,358.0,422.0,495.0,582.0,639.0,748.0,854.0,953.0,1092.0,1269.0,1453.0,1683.0,1943.0,2237.0,2581.0,2971.0,3391.0,3845.0,4428.0,5021.0,5775.0,6537.0,7317.0,8134.0,8891.0,9463.0,9987.0,10305.0,10609.0,10873.0,10974.0,11010.0,11006.0,10918.0,10798.0,10689.0,10460.0,10222.0,10004.0,9730.0,9425.0,9151.0,8849.0,8620.0,8334.0,8059.0,7804.0,7556.0,7325.0,7047.0
0.0,0.0,0.0,0.0,0.0,0.0,0.0,1.0,4.0,5.0,4.0,7.0,8.0,9.0,10.0,12.0,14.0,17.0,17.0,17.0,18.0,20.0,26.0,34.0,39.0,40.0,49.0,56.0,62.0,69.0,77.0,85.0,91.0,113.0,125.0,150.0,176.0,218.0,248.0,282.0,313.0,363.0,417.0,480.0,551.0,652.0,753.0,870.0,974.0,1146.0,1319.0,1482.0,1686.0,1954.0,2225.0,2578.0,2937.0,3307.0,3839.0,4302.0,4818.0,5259.0,5596.0,5917.0,6199.0,6436.0,6561.0,6640.0,6704.0,6689.0,6679.0,6608.0,6544.0,6422.0,6277.0,6195.0,6068.0,5937.0,5766.0,5585.0,5418.0,5233.0,5070.0,4879.0,4709.0,4511.0,4330.0
0.0,0.0,0.0,0.0,0.0,2.0,3.0,4.0,5.0,5.0,5.0,6.0,6.0,7.0,8.0,7.0,11.0,14.0,19.0,20.0,24.0,29.0,34.0,42.0,47.0,55.0,64.0,69.0,78.0,83.0,106.0,124.0,149.0,165.0,191.0,207.0,237.0,274.0,313.0,369.0,424.0,495.0,559.0,653.0,744.0,828.0,926.0,1029.0,1176.0,1374.0,1603.0,1849.0,2136.0,2397.0,2731.0,3067.0,3526.0,4004.0,4536.0,5131.0,5616.0,6070.0,6504.0,6861.0,7121.0,7326.0,7528.0,7612.0,7684.0,7691.0,7686.0,7626.0,7522.0,7394.0,7190.0,7037.0,6873.0,6692.0,6535.0,6341.0,6117.0,5913.0,5747.0,5528.0,5315.0,5132.0,4952.0
0.0,0.0,0.0,0.0,0.0,1.0,3.0,4.0,6.0,6.0,7.0,7.0,7.0,8.0,10.0,14.0,14.0,15.0,18.0,22.0,28.0,36.0,37.0,38.0,45.0,47.0,54.0,66.0,68.0,81.0,96.0,109.0,127.0,139.0,161.0,174.0,214.0,242.0,264.0,298.0,348.0,417.0,496.0,559.0,636.0,747.0,885.0,1001.0,1158.0,1359.0,1554.0,1733.0,2012.0,2328.0,2688.0,3077.0,3531.0,3972.0,4488.0,5131.0,5731.0,6247.0,6744.0,7144.0,7455.0,7681.0,7859.0,7928.0,7967.0,7982.0,7963.0,7862.0,7758.0,7611.0,7472.0,7280.0,7151.0,6980.0,6778.0,6585.0,6364.0,6133.0,5894.0,5657.0,5443.0,5218.0,5021.0
0.0,0.0,0.0,1.0,2.0,3.0,3.0,3.0,3.0,3.0,4.0,5.0,7.0,10.0,19.0,21.0,22.0,25.0,27.0,36.0,40.0,48.0,58.0,63.0,77.0,93.0,104.0,123.0,147.0,162.0,189.0,213.0,241.0,278.0,314.0,364.0,406.0,451.0,491.0,567.0,669.0,773.0,868.0,988.0,1099.0,1256.0,1429.0,1608.0,1850.0,2121.0,2428.0,2769.0,3179.0,3654.0,4177.0,4731.0,5341.0,6077.0,6909.0,7733.0,8557.0,9290.0,9887.0,10346.0,10757.0,11145.0,11418.0,11509.0,11566.0,11585.0,11479.0,11384.0,11237.0,11025.0,10805.0,10584.0,10280.0,9984.0,9669.0,9285.0,8981.0,8685.0,8356.0,8050.0,7783.0,7477.0,7206.0
0.0,0.0,0.0,0.0,1.0,2.0,3.0,4.0,4.0,6.0,7.0,8.0,8.0,10.0,12.0,10.0,7.0,10.0,11.0,15.0,19.0,22.0,26.0,27.0,26.0,36.0,37.0,45.0,54.0,63.0,74.0,83.0,89.0,100.0,114.0,135.0,144.0,158.0,187.0,220.0,260.0,300.0,340.0,381.0,432.0,517.0,594.0,695.0,821.0,940.0,1082.0,1219.0,1407.0,1624.0,1834.0,2073.0,2382.0,2736.0,3055.0,3438.0,3853.0,4219.0,4534.0,4789.0,5032.0,5248.0,5362.0,5431.0,5505.0,5475.0,5438.0,5405.0,5307.0,5281.0,5163.0,5080.0,4970.0,4850.0,4673.0,4520.0,4395.0,4227.0,4045.0,3902.0,3760.0,3636.0,3484.0
0.0,0.0,0.0,0.0,0.0,1.0,2.0,2.0,4.0,4.0,5.0,6.0,7.0,8.0,8.0,9.0,10.0,11.0,12.0,13.0,15.0,17.0,18.0,18.0,15.0,16.0,16.0,19.0,21.0,23.0,26.0,31.0,40.0,43.0,56.0,66.0,74.0,86.0,99.0,118.0,139.0,169.0,208.0,235.0,284.0,330.0,402.0,455.0,524.0,589.0,642.0,734.0,845.0,966.0,1105.0,1258.0,1443.0,1618.0,1835.0,2078.0,2356.0,2564.0,2764.0,2917.0,3080.0,3178.0,3268.0,3291.0,3346.0,3371.0,3339.0,3336.0,3309.0,3251.0,3206.0,3174.0,3087.0,3016.0,2955.0,2864.0,2768.0,2681.0,2599.0,2525.0,2433.0,2356.0,2259.0
0.0,0.0,0.0,0.0,0.0,0.0,1.0,3.0,3.0,5.0,7.0,10.0,11.0,15.0,16.0,23.0,26.0,31.0,35.0,39.0,46.0,46.0,51.0,60.0,69.0,75.0,78.0,92.0,111.0,121.0,134.0,157.0,174.0,192.0,198.0,236.0,271.0,300.0,354.0,410.0,445.0,523.0,605.0,699.0,802.0,910.0,1066.0,1246.0,1433.0,1641.0,1878.0,2161.0,2485.0,2853.0,3241.0,3716.0,4276.0,4883.0,5535.0,6155.0,6785.0,7321.0,7784.0,8261.0,8658.0,8907.0,9134.0,9225.0,9299.0,9329.0,9271.0,9172.0,9052.0,8896.0,8699.0,8501.0,8247.0,8008.0,7772.0,7541.0,7313.0,7047.0,6762.0,6553.0,6335.0,6058.0,5834.0
0.0,0.0,0.0,0.0,0.0,0.0,0.0,5.0,5.0,6.0,5.0,6.0,7.0,8.0,11.0,11.0,11.0,13.0,13.0,15.0,15.0,18.0,20.0,23.0,25.0,33.0,36.0,42.0,49.0,59.0,66.0,78.0,87.0,94.0,96.0,105.0,120.0,135.0,152.0,166.0,192.0,218.0,259.0,296.0,323.0,368.0,421.0,491.0,561.0,661.0,739.0,828.0,964.0,1097.0,1223.0,1399.0,1602.0,1826.0,2061.0,2339.0,2555.0,2810.0,3038.0,3246.0,3446.0,3555.0,3624.0,3642.0,3686.0,3686.0,3662.0,3641.0,3583.0,3506.0,3464.0,3403.0,3344.0,3251.0,3171.0,3069.0,2984.0,2894.0,2780.0,2667.0,2552.0,2450.0,2362.0
0.0,0.0,0.0,0.0,1.0,1.0,1.0,2.0,4.0,5.0,7.0,7.0,10.0,10.0,13.0,12.0,12.0,14.0,18.0,21.0,29.0,29.0,29.0,36.0,35.0,41.0,52.0,64.0,77.0,97.0,116.0,146.0,169.0,195.0,220.0,245.0,295.0,343.0,415.0,490.0,553.0,650.0,748.0,874.0,1001.0,1153.0,1349.0,1526.0,1755.0,2016.0,2279.0,2586.0,2979.0,3374.0,3887.0,4415.0,4991.0,5690.0,6490.0,7354.0,8106.0,8802.0,9395.0,9942.0,10309.0,10638.0,10869.0,11028.0,11114.0,11144.0,11083.0,10939.0,10746.0,10453.0,10268.0,9988.0,9748.0,9500.0,9205.0,8947.0,8618.0,8338.0,8013.0,7732.0,7448.0,7168.0,6893.0
0.0,0.0,0.0,1.0,1.0,2.0,2.0,2.0,3.0,3.0,3.0,4.0,4.0,5.0,4.0,5.0,7.0,7.0,9.0,9.0,11.0,16.0,20.0,21.0,26.0,31.0,32.0,36.0,45.0,47.0,48.0,59.0,64.0,71.0,79.0,87.0,108.0,134.0,158.0,192.0,220.0,250.0,283.0,319.0,358.0,415.0,464.0,515.0,617.0,707.0,815.0,921.0,1033.0,1179.0,1377.0,1581.0,1786.0,2044.0,2331.0,2650.0,2949.0,3245.0,3471.0,3641.0,3858.0,4024.0,4093.0,4155.0,4180.0,4183.0,4194.0,4173.0,4141.0,4065.0,3967.0,3950.0,3864.0,3752.0,3648.0,3544.0,3445.0,3322.0,3213.0,3095.0,2968.0,2836.0,2741.0
0.0,0.0,0.0,1.0,2.0,3.0,5.0,5.0,5.0,7.0,8.0,13.0,12.0,12.0,14.0,16.0,16.0,20.0,21.0,23.0,27.0,27.0,30.0,41.0,44.0,53.0,68.0,74.0,82.0,94.0,112.0,128.0,144.0,166.0,170.0,196.0,232.0,260.0,319.0,371.0,414.0,466.0,524.0,597.0,669.0,778.0,894.0,1045.0,1182.0,1347.0,1528.0,1741.0,2011.0,2282.0,2630.0,3017.0,3441.0,3969.0,4548.0,5074.0,5610.0,6071.0,6466.0,6764.0,7065.0,7306.0,7482.0,7640.0,7765.0,7712.0,7700.0,7645.0,7581.0,7429.0,7252.0,7089.0,6919.0,6722.0,6504.0,6330.0,6163.0,5966.0,5779.0,5568.0,5375.0,5129.0,4958.0
0.0,0.0,0.0,1.0,1.0,1.0,2.0,3.0,3.0,6.0,5.0,4.0,6.0,7.0,13.0,15.0,18.0,20.0,23.0,30.0,38.0,48.0,56.0,68.0,80.0,91.0,108.0,123.0,137.0,155.0,182.0,209.0,239.0,277.0,324.0,382.0,438.0,493.0,562.0,631.0,749.0,848.0,928.0,1062.0,1207.0,1384.0,1536.0,1756.0,1991.0,2227.0,2534.0,2842.0,3207.0,3655.0,4102.0,4641.0,5247.0,5936.0,6796.0,7606.0,8425.0,9096.0,9781.0,10199.0,10627.0,10917.0,11175.0,11269.0,11280.0,11332.0,11311.0,11171.0,11013.0,10828.0,10575.0,10340.0,10045.0,9755.0,9475.0,9158.0,8792.0,8495.0,8159.0,7854.0,7531.0,7220.0,6891.0
0.0,0.0,0.0,1.0,1.0,1.0,1.0,2.0,1.0,3.0,4.0,5.0,5.0,5.0,5.0,5.0,5.0,6.0,7.0,7.0,8.0,10.0,10.0,9.0,10.0,16.0,17.0,19.0,23.0,30.0,30.0,32.0,32.0,35.0,38.0,45.0,54.0,57.0,58.0,62.0,70.0,71.0,76.0,92.0,114.0,140.0,155.0,181.0,204.0,232.0,282.0,322.0,374.0,421.0,458.0,515.0,556.0,628.0,742.0,857.0,943.0,1045.0,1127.0,1176.0,1231.0,1260.0,1288.0,1308.0,1303.0,1295.0,1286.0,1287.0,1275.0,1248.0,1237.0,1220.0,1205.0,1183.0,1144.0,1110.0,1074.0,1045.0,1001.0,952.0,909.0,874.0,835.0
0.0,0.0,0.0,0.0,2.0,2.0,2.0,3.0,3.0,5.0,6.0,5.0,6.0,6.0,6.0,7.0,9.0,9.0,13.0,16.0,16.0,18.0,23.0,24.0,25.0,31.0,36.0,50.0,61.0,70.0,81.0,94.0,114.0,123.0,140.0,162.0,183.0,203.0,257.0,282.0,335.0,378.0,440.0,484.0,541.0,620.0,697.0,783.0,911.0,1030.0,1163.0,1344.0,1534.0,1727.0,1992.0,2268.0,2576.0,2930.0,3298.0,3799.0,4172.0,4538.0,4868.0,5087.0,5305.0,5462.0,5610.0,5702.0,5739.0,5732.0,5740.0,5667.0,5565.0,5497.0,5396.0,5243.0,5114.0,4966.0,4843.0,4677.0,4526.0,4348.0,4209.0,4051.0,3924.0,3781.0,3638.0
0.0,0.0,0.0,0.0,1.0,1.0,2.0,2.0,2.0,5.0,6.0,7.0,7.0,7.0,11.0,13.0,14.0,21.0,22.0,25.0,32.0,38.0,44.0,45.0,60.0,65.0,75.0,78.0,97.0,110.0,130.0,137.0,156.0,178.0,205.0,238.0,277.0,322.0,376.0,431.0,491.0,573.0,637.0,754.0,870.0,1005.0,1160.0,1357.0,1541.0,1786.0,2010.0,2344.0,2720.0,3130.0,3591.0,4058.0,4602.0,5235.0,5993.0,6701.0,7427.0,8075.0,8610.0,9117.0,9495.0,9824.0,10076.0,10144.0,10232.0,10203.0,10118.0,10042.0,9863.0,9689.0,9508.0,9305.0,9102.0,8843.0,8613.0,8371.0,8089.0,7791.0,7507.0,7227.0,6949.0,6679.0,6432.0
0.0,0.0,0.0,0.0,0.0,1.0,1.0,2.0,2.0,4.0,6.0,9.0,10.0,11.0,13.0,15.0,18.0,24.0,30.0,29.0,35.0,35.0,40.0,48.0,54.0,63.0,70.0,84.0,93.0,106.0,129.0,149.0,165.0,197.0,238.0,275.0,322.0,367.0,407.0,462.0,503.0,566.0,650.0,752.0,846.0,1004.0,1133.0,1273.0,1460.0,1651.0,1887.0,2167.0,2458.0,2847.0,3233.0,3677.0,4189.0,4709.0,5329.0,5965.0,6626.0,7276.0,7859.0,8280.0,8650.0,8886.0,9112.0,9217.0,9276.0,9256.0,9248.0,9118.0,9030.0,8855.0,8668.0,8459.0,8234.0,7927.0,7678.0,7419.0,7189.0,6902.0,6633.0,6369.0,6116.0,5892.0,5693.0
0.0,0.0,0.0,0.0,0.0,0.0,1.0,1.0,1.0,1.0,5.0,5.0,5.0,6.0,7.0,10.0,12.0,17.0,21.0,26.0,32.0,37.0,48.0,52.0,58.0,68.0,72.0,82.0,96.0,113.0,133.0,155.0,190.0,223.0,267.0,312.0,365.0,417.0,485.0,531.0,613.0,698.0,795.0,910.0,1063.0,1186.0,1363.0,1533.0,1741.0,2035.0,2268.0,2612.0,2940.0,3382.0,3863.0,4315.0,4936.0,5595.0,6385.0,7145.0,7851.0,8519.0,9167.0,9660.0,10167.0,10444.0,10680.0,10780.0,10844.0,10836.0,10783.0,10674.0,10548.0,10353.0,10117.0,9882.0,9610.0,9371.0,9076.0,8766.0,8433.0,8137.0,7819.0,7523.0,7210.0,6960.0,6659.0
0.0,0.0,0.0,0.0,1.0,1.0,3.0,3.0,4.0,5.0,7.0,6.0,5.0,6.0,7.0,8.0,8.0,7.0,7.0,7.0,10.0,13.0,14.0,18.0,19.0,23.0,27.0,28.0,30.0,28.0,32.0,30.0,36.0,39.0,51.0,53.0,63.0,79.0,80.0,97.0,114.0,140.0,155.0,173.0,194.0,230.0,274.0,318.0,375.0,419.0,477.0,533.0,621.0,690.0,766.0,860.0,996.0,1136.0,1277.0,1439.0,1626.0,1767.0,1889.0,2004.0,2061.0,2133.0,2201.0,2239.0,2271.0,2250.0,2256.0,2250.0,2235.0,2183.0,2149.0,2097.0,2047.0,1991.0,1924.0,1877.0,1820.0,1742.0,1684.0,1614.0,1584.0,1511.0,1441.0
0.0,0.0,0.0,0.0,1.0,2.0,1.0,2.0,3.0,2.0,2.0,2.0,3.0,5.0,5.0,5.0,7.0,8.0,7.0,7.0,13.0,17.0,17.0,17.0,21.0,24.0,31.0,34.0,38.0,39.0,44.0,46.0,61.0,66.0,68.0,80.0,92.0,97.0,114.0,134.0,155.0,173.0,198.0,223.0,242.0,274.0,317.0,373.0,423.0,477.0,562.0,638.0,744.0,855.0,962.0,1082.0,1220.0,1367.0,1551.0,1746.0,1949.0,2132.0,2305.0,2461.0,2601.0,2726.0,2770.0,2801.0,2853.0,2839.0,2826.0,2783.0,2766.0,2748.0,2714.0,2612.0,2537.0,2461.0,2395.0,2337.0,2286.0,2187.0,2118.0,2036.0,1948.0,1875.0,1813.0
0.0,0.0,0.0,1.0,2.0,2.0,3.0,5.0,6.0,7.0,9.0,9.0,10.0,10.0,11.0,11.0,13.0,13.0,18.0,19.0,19.0,25.0,30.0,35.0,42.0,45.0,57.0,68.0,76.0,87.0,101.0,123.0,146.0,164.0,184.0,223.0,257.0,282.0,326.0,384.0,436.0,507.0,588.0,658.0,745.0,876.0,1000.0,1165.0,1352.0,1549.0,1739.0,2014.0,2351.0,2666.0,3018.0,3497.0,4022.0,4562.0,5243.0,5936.0,6576.0,7142.0,7682.0,8094.0,8366.0,8604.0,8830.0,8933.0,9006.0,9005.0,8983.0,8847.0,8758.0,8663.0,8462.0,8264.0,8022.0,7832.0,7598.0,7395.0,7214.0,6926.0,6673.0,6420.0,6193.0,5933.0,5696.0
0.0,0.0,0.0,1.0,1.0,1.0,1.0,2.0,3.0,3.0,3.0,2.0,4.0,4.0,5.0,7.0,10.0,10.0,11.0,12.0,12.0,18.0,20.0,25.0,25.0,29.0,30.0,37.0,37.0,45.0,51.0,56.0,62.0,76.0,94.0,117.0,139.0,160.0,175.0,201.0,224.0,252.0,288.0,319.0,385.0,430.0,501.0,569.0,661.0,737.0,834.0,981.0,1125.0,1269.0,1475.0,1692.0,1915.0,2151.0,2420.0,2703.0,3021.0,3304.0,3558.0,3786.0,3961.0,4128.0,4273.0,4338.0,4354.0,4384.0,4358.0,4343.0,4273.0,4238.0,4144.0,4035.0,3950.0,3857.0,3771.0,3666.0,3559.0,3442.0,3340.0,3208.0,3121.0,3008.0,2912.0
0.0,0.0,0.0,0.0,2.0,2.0,2.0,2.0,2.0,4.0,5.0,6.0,5.0,8.0,9.0,12.0,16.0,17.0,20.0,24.0,26.0,29.0,35.0,43.0,51.0,59.0,72.0,76.0,80.0,89.0,94.0,106.0,121.0,127.0,142.0,171.0,192.0,221.0,268.0,318.0,373.0,429.0,505.0,584.0,663.0,767.0,863.0,974.0,1128.0,1254.0,1427.0,1641.0,1836.0,2072.0,2368.0,2698.0,3052.0,3479.0,3965.0,4419.0,4939.0,5424.0,5825.0,6174.0,6453.0,6666.0,6804.0,6845.0,6880.0,6887.0,6913.0,6867.0,6797.0,6729.0,6585.0,6412.0,6259.0,6121.0,5910.0,5688.0,5497.0,5294.0,5104.0,4902.0,4742.0,4583.0,4370.0
0.0,0.0,0.0,0.0,0.0,1.0,1.0,2.0,2.0,2.0,3.0,3.0,2.0,3.0,3.0,6.0,4.0,4.0,6.0,8.0,8.0,9.0,12.0,14.0,15.0,19.0,19.0,20.0,21.0,22.0,21.0,26.0,28.0,29.0,34.0,42.0,47.0,58.0,60.0,65.0,82.0,99.0,112.0,126.0,141.0,153.0,181.0,198.0,228.0,255.0,301.0,345.0,369.0,411.0,479.0,540.0,593.0,685.0,769.0,871.0,969.0,1033.0,1132.0,1229.0,1270.0,1305.0,1349.0,1394.0,1420.0,1407.0,1384.0,1360.0,1310.0,1278.0,1250.0,1215.0,1189.0,1169.0,1129.0,1104.0,1060.0,1036.0,1002.0,947.0,900.0,862.0,835.0
0.0,0.0,0.0,0.0,0.0,1.0,2.0,1.0,3.0,5.0,5.0,6.0,6.0,7.0,5.0,7.0,9.0,13.0,14.0,18.0,20.0,19.0,23.0,34.0,38.0,44.0,59.0,68.0,81.0,88.0,106.0,132.0,148.0,165.0,189.0,224.0,255.0,296.0,328.0,385.0,436.0,487.0,535.0,635.0,739.0,858.0,962.0,1085.0,1247.0,1427.0,1659.0,1877.0,2117.0,2402.0,2727.0,3098.0,3517.0,3984.0,4514.0,5105.0,5647.0,6171.0,6592.0,6934.0,7248.0,7441.0,7599.0,7679.0,7737.0,7715.0,7672.0,7589.0,7498.0,7377.0,7179.0,6987.0,6799.0,6559.0,6335.0,6153.0,5942.0,5736.0,5528.0,5330.0,5125.0,4925.0,4729.0
0.0,0.0,0.0,0.0,0.0,2.0,3.0,3.0,4.0,4.0,3.0,5.0,6.0,7.0,9.0,8.0,8.0,9.0,11.0,12.0,13.0,17.0,20.0,27.0,34.0,42.0,46.0,61.0,75.0,93.0,118.0,140.0,162.0,182.0,215.0,233.0,275.0,318.0,372.0,429.0,492.0,575.0,667.0,790.0,902.0,1075.0,1249.0,1441.0,1630.0,1890.0,2129.0,2418.0,2760.0,3158.0,3580.0,4048.0,4544.0,5231.0,5847.0,6583.0,7253.0,7905.0,8412.0,8870.0,9187.0,9422.0,9585.0,9674.0,9714.0,9720.0,9666.0,9598.0,9429.0,9268.0,9096.0,8869.0,8640.0,8389.0,8166.0,7897.0,7662.0,7388.0,7104.0,6846.0,6584.0,6329.0,6115.0
0.0,0.0,0.0,2.0,1.0,1.0,1.0,1.0,1.0,2.0,5.0,8.0,8.0,14.0,16.0,18.0,20.0,26.0,25.0,33.0,42.0,52.0,62.0,75.0,83.0,86.0,95.0,105.0,116.0,132.0,149.0,175.0,193.0,208.0,244.0,289.0,316.0,356.0,430.0,494.0,557.0,641.0,768.0,895.0,1037.0,1187.0,1354.0,1545.0,1755.0,2013.0,2278.0,2614.0,2985.0,3419.0,3910.0,4454.0,5008.0,5675.0,6434.0,7206.0,7974.0,8659.0,9271.0,9796.0,10188.0,10491.0,10799.0,10955.0,11038.0,11094.0,11061.0,10919.0,10788.0,10553.0,10364.0,10159.0,9910.0,9619.0,9322.0,9041.0,8750.0,8434.0,8183.0,7927.0,7631.0,7355.0,7041.0
0.0,0.0,0.0,0.0,1.0,3.0,2.0,3.0,4.0,4.0,6.0,10.0,10.0,14.0,14.0,15.0,18.0,20.0,20.0,21.0,22.0,27.0,31.0,36.0,42.0,40.0,46.0,51.0,60.0,65.0,78.0,90.0,94.0,115.0,140.0,163.0,194.0,231.0,263.0,308.0,353.0,410.0,474.0,534.0,609.0,707.0,815.0,898.0,1018.0,1203.0,1359.0,1583.0,1823.0,2095.0,2410.0,2783.0,3199.0,3651.0,4180.0,4680.0,5211.0,5681.0,6057.0,6326.0,6704.0,6983.0,7149.0,7286.0,7363.0,7390.0,7301.0,7242.0,7135.0,6985.0,6890.0,6704.0,6541.0,6372.0,6227.0,6008.0,5839.0,5622.0,5429.0,5254.0,5061.0,4865.0,4688.0
0.0,0.0,0.0,0.0,0.0,0.0,2.0,2.0,3.0,4.0,4.0,6.0,7.0,7.0,9.0,12.0,14.0,16.0,18.0,21.0,29.0,32.0,37.0,49.0,59.0,72.0,81.0,82.0,98.0,124.0,143.0,164.0,181.0,207.0,239.0,284.0,332.0,383.0,438.0,530.0,607.0,722.0,805.0,923.0,1077.0,1270.0,1447.0,1626.0,1853.0,2107.0,2445.0,2774.0,3174.0,3556.0,4026.0,4610.0,5285.0,5978.0,6797.0,7603.0,8427.0,9169.0,9791.0,10354.0,10828.0,11138.0,11417.0,11563.0,11669.0,11665.0,11562.0,11385.0,11214.0,11033.0,10805.0,10510.0,10247.0,9957.0,9660.0,9292.0,9000.0,8656.0,8336.0,8020.0,7716.0,7431.0,7162.0
0.0,0.0,0.0,0.0,0.0,1.0,1.0,2.0,1.0,5.0,5.0,5.0,8.0,9.0,11.0,13.0,16.0,15.0,17.0,18.0,19.0,19.0,24.0,24.0,25.0,21.0,20.0,24.0,24.0,30.0,39.0,48.0,52.0,60.0,68.0,72.0,79.0,90.0,111.0,127.0,150.0,170.0,192.0,227.0,265.0,296.0,339.0,391.0,465.0,522.0,590.0,717.0,840.0,966.0,1109.0,1269.0,1447.0,1640.0,1876.0,2113.0,2349.0,2594.0,2750.0,2872.0,2998.0,3104.0,3192.0,3266.0,3309.0,3345.0,3346.0,3318.0,3300.0,3274.0,3226.0,3155.0,3098.0,3016.0,2939.0,2818.0,2721.0,2605.0,2505.0,2434.0,2340.0,2260.0,2193.0
0.0,0.0,0.0,0.0,1.0,2.0,3.0,5.0,4.0,5.0,5.0,5.0,5.0,6.0,8.0,10.0,11.0,11.0,12.0,13.0,14.0,14.0,18.0,17.0,20.0,22.0,28.0,31.0,38.0,40.0,43.0,46.0,53.0,66.0,72.0,80.0,87.0,98.0,110.0,127.0,145.0,165.0,183.0,207.0,218.0,256.0,283.0,309.0,357.0,407.0,467.0,535.0,586.0,664.0,749.0,849.0,963.0,1093.0,1214.0,1379.0,1546.0,1712.0,1819.0,1922.0,1981.0,2060.0,2134.0,2184.0,2188.0,2192.0,2192.0,2195.0,2181.0,2165.0,2120.0,2098.0,2040.0,1975.0,1925.0,1869.0,1797.0,1747.0,1683.0,1613.0,1556.0,1490.0,1417.0
0.0,0.0,0.0,0.0,0.0,1.0,3.0,3.0,4.0,4.0,4.0,7.0,7.0,9.0,10.0,10.0,12.0,15.0,20.0,24.0,27.0,30.0,33.0,45.0,48.0,54.0,58.0,64.0,81.0,92.0,115.0,129.0,149.0,174.0,201.0,226.0,264.0,304.0,360.0,402.0,451.0,505.0,575.0,654.0,755.0,881.0,1022.0,1161.0,1332.0,1513.0,1737.0,1950.0,2231.0,2487.0,2855.0,3242.0,3727.0,4194.0,4683.0,5267.0,5840.0,6325.0,6826.0,7248.0,7567.0,7835.0,8024.0,8096.0,8204.0,8216.0,8235.0,8197.0,8086.0,7904.0,7714.0,7567.0,7342.0,7151.0,6951.0,6689.0,6505.0,6292.0,6057.0,5851.0,5615.0,5408.0,5196.0
0.0,0.0,0.0,0.0,0.0,0.0,1.0,2.0,4.0,2.0,3.0,3.0,5.0,4.0,4.0,4.0,5.0,6.0,7.0,5.0,5.0,6.0,5.0,7.0,10.0,12.0,13.0,14.0,15.0,17.0,21.0,23.0,25.0,27.0,32.0,41.0,47.0,64.0,76.0,92.0,117.0,125.0,145.0,170.0,203.0,240.0,265.0,312.0,365.0,413.0,465.0,542.0,633.0,728.0,854.0,964.0,1081.0,1205.0,1391.0,1581.0,1774.0,1963.0,2103.0,2192.0,2275.0,2348.0,2405.0,2444.0,2498.0,2501.0,2473.0,2466.0,2439.0,2399.0,2335.0,2265.0,2218.0,2147.0,2078.0,1994.0,1939.0,1883.0,1813.0,1742.0,1670.0,1615.0,1559.0
0.0,0.0,0.0,0.0,0.0,0.0,2.0,2.0,2.0,3.0,4.0,8.0,13.0,14.0,18.0,26.0,26.0,31.0,31.0,38.0,49.0,55.0,61.0,68.0,71.0,82.0,95.0,106.0,132.0,162.0,178.0,207.0,230.0,275.0,300.0,358.0,418.0,467.0,525.0,598.0,676.0,780.0,839.0,973.0,1106.0,1250.0,1449.0,1711.0,1957.0,2230.0,2586.0,2910.0,3319.0,3812.0,4346.0,4978.0,5655.0,6403.0,7223.0,8162.0,9009.0,9749.0,10489.0,11032.0,11581.0,11879.0,12160.0,12303.0,12378.0,12457.0,12379.0,12243.0,12097.0,11836.0,11639.0,11310.0,10989.0,10689.0,10334.0,9982.0,9645.0,9312.0,8967.0,8656.0,8343.0,8036.0,7672.0
0.0,0.0,0.0,1.0,1.0,3.0,4.0,5.0,8.0,9.0,8.0,10.0,11.0,12.0,13.0,11.0,14.0,17.0,23.0,24.0,26.0,30.0,31.0,38.0,40.0,42.0,41.0,44.0,57.0,68.0,76.0,84.0,97.0,100.0,108.0,129.0,150.0,166.0,192.0,225.0,256.0,302.0,332.0,374.0,433.0,506.0,559.0,647.0,768.0,900.0,1003.0,1168.0,1370.0,1572.0,1798.0,2025.0,2271.0,2597.0,2946.0,3294.0,3663.0,4004.0,4308.0,4557.0,4782.0,4932.0,5030.0,5071.0,5178.0,5195.0,5153.0,5119.0,5055.0,4981.0,4892.0,4762.0,4613.0,4485.0,4335.0,4185.0,4060.0,3936.0,3777.0,3648.0,3502.0,3399.0,3278.0
0.0,0.0,0.0,0.0,0.0,1.0,2.0,3.0,4.0,4.0,5.0,4.0,6.0,10.0,9.0,12.0,13.0,14.0,19.0,24.0,27.0,36.0,41.0,55.0,62.0,70.0,87.0,102.0,111.0,122.0,132.0,146.0,157.0,189.0,215.0,228.0,258.0,304.0,365.0,410.0,465.0,516.0,594.0,689.0,799.0,910.0,998.0,1140.0,1282.0,1484.0,1668.0,1897.0,2154.0,2483.0,2867.0,3263.0,3671.0,4142.0,4705.0,5321.0,5904.0,6487.0,6935.0,7312.0,7627.0,7871.0,8062.0,8168.0,8286.0,8271.0,8251.0,8207.0,8060.0,7938.0,7800.0,7577.0,7343.0,7167.0,6940.0,6742.0,6521.0,6330.0,6098.0,5867.0,5631.0,5412.0,5205.0
0.0,0.0,0.0,1.0,1.0,1.0,1.0,1.0,1.0,1.0,2.0,5.0,8.0,9.0,13.0,16.0,24.0,32.0,33.0,36.0,44.0,49.0,53.0,73.0,83.0,97.0,112.0,120.0,136.0,157.0,182.0,206.0,229.0,275.0,312.0,359.0,424.0,490.0,562.0,656.0,741.0,848.0,987.0,1134.0,1312.0,1481.0,1715.0,1932.0,2201.0,2546.0,2911.0,3289.0,3725.0,4185.0,4782.0,5386.0,6116.0,6945.0,7898.0,8850.0,9724.0,10558.0,11243.0,11762.0,12357.0,12746.0,12989.0,13128.0,13274.0,13219.0,13101.0,12982.0,12778.0,12565.0,12330.0,12060.0,11735.0,11394.0,11023.0,10641.0,10250.0,9855.0,9472.0,9132.0,8779.0,8478.0,8124.0
0.0,0.0,0.0,0.0,0.0,0.0,1.0,1.0,3.0,6.0,6.0,8.0,14.0,16.0,20.0,25.0,25.0,25.0,29.0,31.0,41.0,47.0,53.0,63.0,73.0,83.0,96.0,107.0,122.0,134.0,150.0,187.0,208.0,237.0,269.0,300.0,351.0,393.0,461.0,522.0,586.0,655.0,747.0,852.0,966.0,1070.0,1204.0,1380.0,1610.0,1838.0,2107.0,2404.0,2692.0,3047.0,3505.0,4040.0,4545.0,5207.0,5947.0,6685.0,7380.0,8068.0,8659.0,9156.0,9571.0,9835.0,10019.0,10204.0,10340.0,10394.0,10392.0,10290.0,10203.0,10097.0,9892.0,9653.0,9415.0,9150.0,8886.0,8642.0,8370.0,8109.0,7823.0,7485.0,7190.0,6893.0,6597.0
0.0,0.0,0.0,1.0,1.0,1.0,1.0,2.0,3.0,5.0,5.0,5.0,7.0,8.0,10.0,16.0,21.0,25.0,25.0,26.0,30.0,37.0,47.0,56.0,66.0,78.0,96.0,108.0,126.0,143.0,155.0,183.0,222.0,267.0,316.0,369.0,422.0,474.0,545.0,634.0,724.0,860.0,991.0,1143.0,1293.0,1472.0,1712.0,1989.0,2263.0,2581.0,2933.0,3340.0,3842.0,4414.0,5067.0,5766.0,6537.0,7412.0,8467.0,9544.0,10550.0,11489.0,12326.0,12999.0,13547.0,13872.0,14118.0,14312.0,14424.0,14353.0,14214.0,14098.0,13898.0,13704.0,13359.0,13006.0,12670.0,12337.0,11905.0,11523.0,11128.0,10772.0,10375.0,9936.0,9519.0,9115.0,8752.0
0.0,0.0,1.0,2.0,2.0,3.0,4.0,2.0,3.0,3.0,3.0,5.0,5.0,5.0,5.0,4.0,4.0,3.0,5.0,5.0,7.0,7.0,10.0,9.0,9.0,10.0,12.0,12.0,12.0,13.0,13.0,13.0,13.0,12.0,11.0,11.0,13.0,12.0,14.0,14.0,18.0,17.0,18.0,19.0,23.0,27.0,30.0,27.0,29.0,39.0,43.0,46.0,59.0,78.0,90.0,97.0,105.0,118.0,135.0,152.0,168.0,180.0,190.0,200.0,208.0,214.0,221.0,232.0,228.0,239.0,232.0,237.0,239.0,239.0,235.0,234.0,227.0,219.0,209.0,206.0,201.0,192.0,185.0,163.0,163.0,155.0,150.0
0.0,0.0,0.0,0.0,0.0,1.0,3.0,3.0,3.0,3.0,4.0,3.0,5.0,6.0,7.0,8.0,8.0,9.0,11.0,17.0,25.0,26.0,31.0,29.0,40.0,46.0,55.0,62.0,73.0,83.0,105.0,117.0,129.0,143.0,166.0,195.0,218.0,253.0,310.0,379.0,449.0,499.0,587.0,702.0,792.0,916.0,1045.0,1228.0,1419.0,1634.0,1850.0,2124.0,2412.0,2713.0,3150.0,3589.0,4153.0,4737.0,5496.0,6159.0,6803.0,7397.0,7989.0,8444.0,8735.0,9028.0,9265.0,9440.0,9498.0,9501.0,9464.0,9428.0,9326.0,9130.0,8896.0,8658.0,8451.0,8158.0,7944.0,7731.0,7439.0,7217.0,6907.0,6659.0,6406.0,6165.0,5940.0
0.0,0.0,0.0,0.0,1.0,1.0,1.0,3.0,5.0,9.0,10.0,11.0,13.0,15.0,21.0,25.0,36.0,44.0,52.0,49.0,56.0,63.0,68.0,83.0,100.0,120.0,145.0,163.0,190.0,218.0,255.0,295.0,348.0,416.0,488.0,566.0,625.0,698.0,796.0,935.0,1051.0,1208.0,1421.0,1642.0,1875.0,2167.0,2497.0,2858.0,3351.0,3839.0,4396.0,5057.0,5762.0,6526.0,7486.0,8449.0,9546.0,10753.0,12055.0,13435.0,14834.0,16016.0,17059.0,17895.0,18619.0,19084.0,19378.0,19535.0,19627.0,19622.0,19451.0,19218.0,18867.0,18534.0,18140.0,17705.0,17212.0,16712.0,16140.0,15546.0,15039.0,14484.0,13928.0,13421.0,12927.0,12399.0,11904.0
0.0,0.0,0.0,0.0,0.0,0.0,0.0,1.0,2.0,3.0,6.0,10.0,10.0,9.0,11.0,9.0,8.0,9.0,9.0,14.0,17.0,22.0,21.0,24.0,28.0,36.0,41.0,47.0,50.0,67.0,71.0,81.0,99.0,119.0,126.0,135.0,168.0,192.0,220.0,252.0,291.0,337.0,379.0,433.0,488.0,562.0,645.0,774.0,883.0,1017.0,1145.0,1307.0,1480.0,1708.0,1975.0,2255.0,2635.0,2964.0,3380.0,3774.0,4194.0,4556.0,4950.0,5190.0,5399.0,5585.0,5668.0,5741.0,5788.0,5843.0,5820.0,5734.0,5692.0,5623.0,5526.0,5397.0,5261.0,5085.0,4936.0,4759.0,4605.0,4455.0,4309.0,4157.0,3985.0,3829.0,3658.0
0.0,0.0,0.0,0.0,0.0,1.0,1.0,1.0,3.0,3.0,5.0,4.0,4.0,5.0,5.0,7.0,10.0,11.0,10.0,13.0,13.0,14.0,16.0,17.0,21.0,20.0,21.0,23.0,25.0,27.0,36.0,37.0,39.0,43.0,48.0,55.0,66.0,77.0,87.0,108.0,121.0,131.0,145.0,167.0,197.0,222.0,259.0,304.0,347.0,380.0,441.0,493.0,574.0,663.0,776.0,887.0,1016.0,1180.0,1394.0,1554.0,1761.0,1925.0,2069.0,2214.0,2307.0,2384.0,2449.0,2495.0,2528.0,2532.0,2537.0,2516.0,2454.0,2431.0,2398.0,2362.0,2314.0,2245.0,2176.0,2121.0,2053.0,1965.0,1900.0,1834.0,1786.0,1723.0,1679.0
0.0,0.0,0.0,0.0,1.0,1.0,1.0,1.0,3.0,5.0,5.0,6.0,7.0,8.0,11.0,14.0,15.0,18.0,18.0,18.0,19.0,26.0,25.0,28.0,36.0,43.0,49.0,53.0,63.0,74.0,85.0,95.0,115.0,131.0,150.0,188.0,208.0,246.0,275.0,322.0,356.0,418.0,478.0,563.0,653.0,746.0,845.0,951.0,1094.0,1271.0,1451.0,1663.0,1887.0,2169.0,2501.0,2884.0,3276.0,3784.0,4260.0,4755.0,5297.0,5804.0,6248.0,6641.0,6984.0,7217.0,7393.0,7482.0,7526.0,7560.0,7550.0,7503.0,7383.0,7301.0,7135.0,6941.0,6757.0,6522.0,6338.0,6132.0,5977.0,5819.0,5561.0,5337.0,5117.0,4933.0,4744.0
0.0,0.0,0.0,0.0,0.0,1.0,1.0,2.0,2.0,2.0,2.0,3.0,4.0,5.0,6.0,7.0,6.0,7.0,7.0,6.0,7.0,8.0,9.0,9.0,11.0,14.0,13.0,18.0,18.0,21.0,26.0,33.0,38.0,44.0,49.0,58.0,70.0,81.0,100.0,115.0,133.0,146.0,167.0,177.0,197.0,236.0,276.0,311.0,352.0,404.0,466.0,530.0,601.0,684.0,781.0,895.0,1035.0,1177.0,1323.0,1487.0,1668.0,1791.0,1965.0,2090.0,2180.0,2240.0,2296.0,2323.0,2350.0,2368.0,2383.0,2390.0,2371.0,2342.0,2308.0,2257.0,2205.0,2131.0,2069.0,1995.0,1924.0,1866.0,1780.0,1712.0,1661.0,1582.0,1520.0
0.0,0.0,0.0,0.0,0.0,2.0,4.0,5.0,6.0,5.0,4.0,3.0,4.0,3.0,5.0,5.0,6.0,8.0,10.0,14.0,18.0,18.0,23.0,23.0,25.0,29.0,33.0,33.0,36.0,41.0,48.0,64.0,65.0,68.0,80.0,89.0,108.0,117.0,132.0,142.0,170.0,194.0,236.0,263.0,295.0,340.0,375.0,428.0,485.0,546.0,633.0,729.0,831.0,956.0,1123.0,1268.0,1436.0,1664.0,1962.0,2242.0,2476.0,2680.0,2872.0,3004.0,3157.0,3263.0,3340.0,3397.0,3411.0,3414.0,3389.0,3375.0,3352.0,3279.0,3219.0,3147.0,3075.0,2995.0,2898.0,2805.0,2722.0,2646.0,2536.0,2449.0,2350.0,2265.0,2191.0
0.0,0.0,0.0,0.0,0.0,1.0,3.0,6.0,8.0,10.0,10.0,12.0,16.0,20.0,24.0,26.0,36.0,41.0,46.0,52.0,60.0,67.0,70.0,84.0,90.0,97.0,109.0,130.0,145.0,166.0,183.0,208.0,227.0,261.0,307.0,362.0,429.0,493.0,551.0,644.0,733.0,845.0,968.0,1115.0,1310.0,1488.0,1728.0,1975.0,2219.0,2498.0,2873.0,3273.0,3720.0,4293.0,4927.0,5571.0,6291.0,7160.0,7957.0,8941.0,9786.0,10582.0,11358.0,11967.0,12423.0,12754.0,12928.0,13161.0,13239.0,13237.0,13123.0,12985.0,12740.0,12481.0,12219.0,11939.0,11588.0,11233.0,10909.0,10537.0,10148.0,9821.0,9488.0,9131.0,8778.0,8423.0,8070.0
0.0,0.0,1.0,2.0,1.0,2.0,2.0,3.0,4.0,6.0,7.0,10.0,11.0,14.0,16.0,18.0,18.0,22.0,21.0,22.0,23.0,22.0,21.0,21.0,21.0,21.0,22.0,25.0,28.0,23.0,30.0,33.0,33.0,37.0,41.0,48.0,60.0,69.0,83.0,91.0,91.0,105.0,121.0,143.0,159.0,177.0,210.0,242.0,273.0,311.0,356.0,415.0,454.0,510.0,588.0,690.0,799.0,901.0,1006.0,1169.0,1288.0,1412.0,1499.0,1594.0,1676.0,1735.0,1787.0,1810.0,1821.0,1799.0,1797.0,1773.0,1771.0,1748.0,1730.0,1695.0,1632.0,1589.0,1555.0,1508.0,1465.0,1421.0,1401.0,1356.0,1314.0,1264.0,1217.0
0.0,0.0,0.0,0.0,0.0,0.0,0.0,0.0,0.0,2.0,4.0,3.0,3.0,3.0,6.0,9.0,10.0,11.0,15.0,23.0,30.0,36.0,43.0,45.0,53.0,60.0,78.0,92.0,112.0,143.0,166.0,211.0,255.0,288.0,332.0,381.0,428.0,482.0,569.0,665.0,772.0,891.0,1038.0,1158.0,1341.0,1542.0,1791.0,2052.0,2357.0,2704.0,3103.0,3507.0,4016.0,4529.0,5173.0,5912.0,6730.0,7752.0,8723.0,9760.0,10776.0,11630.0,12456.0,13112.0,13664.0,14052.0,14397.0,14558.0,14620.0,14614.0,14529.0,14402.0,14116.0,13875.0,13647.0,13290.0,12900.0,12509.0,12098.0,11662.0,11201.0,10809.0,10393.0,9994.0,9573.0,9236.0,8894.0
0.0,0.0,0.0,0.0,2.0,2.0,2.0,4.0,5.0,5.0,6.0,6.0,7.0,8.0,7.0,5.0,7.0,6.0,7.0,12.0,14.0,16.0,20.0,26.0,28.0,36.0,42.0,40.0,45.0,43.0,59.0,74.0,88.0,97.0,104.0,121.0,151.0,163.0,194.0,219.0,244.0,273.0,304.0,339.0,401.0,462.0,531.0,600.0,693.0,788.0,871.0,1018.0,1168.0,1319.0,1516.0,1699.0,1915.0,2215.0,2477.0,2751.0,3034.0,3288.0,3544.0,3702.0,3879.0,4009.0,4114.0,4207.0,4259.0,4259.0,4276.0,4209.0,4162.0,4103.0,4020.0,3920.0,3822.0,3735.0,3635.0,3527.0,3422.0,3279.0,3160.0,3038.0,2939.0,2812.0,2678.0
