0.0,0.0,0.0,0.0,0.0,0.0,0.0,0.0,0.0,0.0,0.0,0.0,0.0,0.0,0.0,0.0,0.0,0.0,0.0,0.0,0.0,0.0,0.0,0.0,0.0,0.0,0.0,0.0,0.0,0.0,0.0,0.0,1.0,1.0,1.0,1.0,1.0,1.0,1.0,1.0,0.0,0.0,0.0,0.0,0.0,0.0,1.0,2.0,2.0,1.0,2.0,3.0,4.0,5.0,4.0,5.0,3.0,6.0,7.0,8.0,12.0,12.0,13.0,13.0,12.0,14.0,13.0,16.0,16.0,20.0,26.0,27.0,27.0,33.0,36.0,44.0,49.0,56.0,62.0,67.0,77.0,89.0,104.0,122.0,132.0,136.0,153.0,159.0,157.0,167.0,169.0,158.0,149.0,145.0,145.0,151.0,155.0,163.0,161.0,165.0,166.0,168.0,170.0
0.0,0.0,0.0,0.0,0.0,0.0,0.0,0.0,0.0,0.0,0.0,0.0,0.0,0.0,0.0,0.0,0.0,0.0,0.0,0.0,0.0,0.0,0.0,0.0,1.0,1.0,1.0,0.0,0.0,1.0,1.0,1.0,1.0,1.0,2.0,4.0,4.0,3.0,4.0,5.0,6.0,7.0,7.0,7.0,7.0,9.0,7.0,9.0,9.0,11.0,11.0,11.0,11.0,11.0,14.0,14.0,17.0,19.0,20.0,24.0,24.0,29.0,33.0,38.0,38.0,48.0,54.0,58.0,66.0,80.0,95.0,103.0,120.0,139.0,152.0,165.0,174.0,191.0,217.0,254.0,268.0,275.0,287.0,316.0,325.0,347.0,354.0,380.0,389.0,402.0,408.0,429.0,434.0,437.0,446.0,428.0,424.0,421.0,422.0,413.0,400.0,407.0,408.0
0.0,0.0,0.0,0.0,0.0,0.0,0.0,0.0,0.0,0.0,0.0,0.0,1.0,1.0,1.0,1.0,0.0,0.0,0.0,0.0,0.0,0.0,0.0,0.0,0.0,0.0,0.0,0.0,0.0,0.0,0.0,0.0,0.0,0.0,0.0,0.0,0.0,0.0,1.0,0.0,0.0,0.0,0.0,0.0,0.0,0.0,0.0,0.0,0.0,1.0,0.0,1.0,1.0,1.0,1.0,2.0,3.0,4.0,3.0,2.0,4.0,3.0,4.0,6.0,8.0,9.0,11.0,9.0,9.0,10.0,13.0,16.0,15.0,18.0,21.0,23.0,29.0,31.0,35.0,41.0,53.0,60.0,65.0,72.0,64.0,76.0,78.0,74.0,85.0,99.0,103.0,102.0,105.0,103.0,114.0,107.0,106.0,112.0,111.0,108.0,107.0,103.0,103.0
0.0,0.0,0.0,0.0,0.0,0.0,0.0,0.0,0.0,0.0,0.0,0.0,0.0,0.0,0.0,0.0,0.0,0.0,0.0,0.0,0.0,0.0,1.0,1.0,1.0,1.0,1.0,1.0,1.0,1.0,0.0,0.0,1.0,2.0,2.0,3.0,2.0,2.0,2.0,2.0,2.0,2.0,2.0,4.0,3.0,4.0,6.0,7.0,9.0,11.0,13.0,10.0,13.0,12.0,12.0,13.0,13.0,17.0,20.0,20.0,21.0,33.0,35.0,37.0,37.0,34.0,34.0,40.0,49.0,60.0,69.0,75.0,90.0,106.0,121.0,133.0,149.0,163.0,176.0,182.0,210.0,234.0,254.0,262.0,277.0,294.0,305.0,312.0,313.0,314.0,321.0,328.0,340.0,331.0,335.0,341.0,334.0,341.0,355.0,346.0,343.0,323.0,316.0
0.0,0.0,0.0,0.0,0.0,0.0,0.0,0.0,0.0,0.0,0.0,0.0,0.0,0.0,0.0,0.0,0.0,1.0,0.0,0.0,0.0,0.0,0.0,0.0,0.0,0.0,0.0,0.0,0.0,0.0,0.0,0.0,0.0,0.0,1.0,1.0,0.0,0.0,1.0,1.0,0.0,0.0,0.0,0.0,0.0,0.0,0.0,0.0,0.0,0.0,0.0,1.0,1.0,5.0,5.0,5.0,7.0,6.0,5.0,6.0,6.0,6.0,9.0,9.0,10.0,11.0,14.0,16.0,14.0,14.0,18.0,19.0,25.0,27.0,31.0,36.0,43.0,42.0,48.0,61.0,72.0,78.0,91.0,92.0,94.0,105.0,116.0,124.0,130.0,133.0,135.0,134.0,148.0,154.0,158.0,156.0,153.0,151.0,147.0,152.0,153.0,159.0,157.0
0.0,0.0,0.0,0.0,0.0,0.0,0.0,0.0,0.0,0.0,0.0,0.0,0.0,0.0,0.0,0.0,0.0,0.0,0.0,0.0,0.0,0.0,0.0,0.0,0.0,0.0,0.0,0.0,0.0,0.0,1.0,0.0,0.0,0.0,0.0,0.0,0.0,0.0,0.0,0.0,0.0,0.0,0.0,0.0,0.0,0.0,1.0,1.0,1.0,1.0,1.0,3.0,3.0,3.0,3.0,3.0,3.0,3.0,5.0,6.0,6.0,7.0,9.0,11.0,10.0,13.0,19.0,21.0,25.0,25.0,27.0,30.0,38.0,46.0,51.0,57.0,71.0,85.0,91.0,93.0,94.0,98.0,110.0,124.0,139.0,148.0,157.0,167.0,167.0,178.0,177.0,172.0,173.0,180.0,178.0,173.0,186.0,186.0,191.0,195.0,186.0,179.0,172.0
0.0,0.0,0.0,0.0,0.0,0.0,0.0,0.0,0.0,0.0,0.0,0.0,0.0,0.0,0.0,0.0,0.0,0.0,0.0,0.0,0.0,0.0,0.0,0.0,0.0,0.0,0.0,0.0,0.0,0.0,0.0,0.0,0.0,0.0,0.0,0.0,0.0,1.0,1.0,1.0,2.0,3.0,2.0,2.0,3.0,3.0,2.0,3.0,4.0,4.0,7.0,7.0,8.0,8.0,11.0,13.0,12.0,15.0,18.0,16.0,23.0,31.0,37.0,35.0,42.0,43.0,49.0,65.0,76.0,86.0,97.0,99.0,111.0,130.0,145.0,159.0,175.0,194.0,213.0,257.0,277.0,301.0,316.0,325.0,343.0,361.0,378.0,380.0,398.0,413.0,424.0,433.0,450.0,454.0,446.0,446.0,445.0,442.0,432.0,415.0,414.0,413.0,400.0
0.0,0.0,0.0,0.0,0.0,0.0,0.0,0.0,0.0,0.0,0.0,0.0,0.0,0.0,0.0,0.0,0.0,0.0,0.0,0.0,0.0,1.0,1.0,0.0,0.0,0.0,0.0,0.0,0.0,0.0,0.0,0.0,0.0,0.0,0.0,0.0,0.0,0.0,0.0,0.0,0.0,1.0,0.0,1.0,0.0,0.0,0.0,0.0,1.0,1.0,2.0,1.0,2.0,2.0,3.0,3.0,4.0,5.0,5.0,6.0,8.0,10.0,11.0,10.0,12.0,13.0,16.0,14.0,13.0,16.0,21.0,23.0,27.0,37.0,46.0,57.0,63.0,68.0,79.0,83.0,95.0,101.0,119.0,124.0,130.0,150.0,162.0,163.0,167.0,171.0,170.0,167.0,187.0,195.0,194.0,186.0,180.0,185.0,195.0,194.0,189.0,182.0,184.0
0.0,0.0,0.0,0.0,0.0,0.0,0.0,0.0,0.0,0.0,0.0,0.0,0.0,0.0,0.0,0.0,0.0,1.0,1.0,0.0,0.0,0.0,0.0,0.0,0.0,0.0,0.0,0.0,0.0,0.0,0.0,0.0,0.0,0.0,0.0,0.0,0.0,0.0,0.0,0.0,0.0,0.0,0.0,2.0,2.0,2.0,1.0,2.0,3.0,2.0,1.0,1.0,2.0,2.0,2.0,2.0,2.0,4.0,4.0,5.0,6.0,10.0,13.0,13.0,18.0,20.0,18.0,20.0,23.0,25.0,30.0,34.0,43.0,50.0,55.0,58.0,69.0,77.0,80.0,83.0,98.0,103.0,117.0,136.0,152.0,158.0,162.0,160.0,166.0,167.0,180.0,172.0,181.0,190.0,203.0,207.0,206.0,206.0,199.0,190.0,192.0,187.0,184.0
0.0,0.0,0.0,0.0,0.0,0.0,0.0,0.0,0.0,0.0,0.0,0.0,0.0,0.0,0.0,0.0,0.0,0.0,0.0,0.0,0.0,0.0,0.0,0.0,0.0,0.0,0.0,0.0,0.0,0.0,0.0,0.0,0.0,0.0,2.0,3.0,1.0,0.0,0.0,0.0,1.0,1.0,1.0,1.0,1.0,5.0,4.0,4.0,2.0,2.0,2.0,2.0,4.0,4.0,5.0,6.0,6.0,6.0,6.0,8.0,15.0,15.0,23.0,22.0,21.0,23.0,31.0,36.0,40.0,48.0,56.0,67.0,77.0,90.0,101.0,109.0,118.0,116.0,139.0,155.0,171.0,196.0,215.0,234.0,235.0,258.0,279.0,291.0,311.0,307.0,307.0,326.0,332.0,325.0,326.0,331.0,325.0,314.0,306.0,305.0,300.0,305.0,306.0
0.0,0.0,0.0,0.0,0.0,0.0,0.0,0.0,0.0,0.0,0.0,0.0,0.0,0.0,0.0,0.0,0.0,0.0,0.0,0.0,0.0,0.0,0.0,0.0,0.0,0.0,0.0,0.0,1.0,1.0,0.0,0.0,0.0,0.0,0.0,0.0,0.0,0.0,0.0,0.0,0.0,0.0,0.0,0.0,1.0,2.0,2.0,1.0,2.0,3.0,5.0,4.0,4.0,4.0,5.0,7.0,9.0,11.0,12.0,16.0,19.0,19.0,17.0,17.0,22.0,22.0,22.0,22.0,21.0,25.0,29.0,36.0,44.0,50.0,52.0,56.0,58.0,68.0,85.0,96.0,113.0,119.0,132.0,139.0,157.0,166.0,167.0,190.0,190.0,197.0,208.0,202.0,197.0,202.0,214.0,199.0,203.0,196.0,203.0,206.0,209.0,206.0,193.0
0.0,0.0,0.0,0.0,0.0,0.0,0.0,0.0,0.0,0.0,0.0,0.0,0.0,0.0,0.0,0.0,0.0,0.0,0.0,0.0,0.0,0.0,0.0,0.0,0.0,0.0,0.0,0.0,0.0,0.0,0.0,0.0,0.0,0.0,0.0,0.0,0.0,0.0,0.0,0.0,0.0,0.0,0.0,0.0,0.0,2.0,2.0,1.0,2.0,1.0,1.0,2.0,2.0,3.0,3.0,5.0,6.0,8.0,11.0,9.0,12.0,14.0,14.0,18.0,14.0,14.0,17.0,19.0,23.0,21.0,25.0,33.0,36.0,45.0,48.0,48.0,70.0,75.0,88.0,96.0,110.0,124.0,126.0,128.0,136.0,138.0,144.0,142.0,141.0,146.0,153.0,159.0,156.0,156.0,161.0,158.0,157.0,154.0,143.0,142.0,149.0,155.0,157.0
0.0,0.0,0.0,0.0,0.0,0.0,0.0,0.0,0.0,0.0,0.0,0.0,0.0,0.0,0.0,0.0,0.0,0.0,0.0,0.0,0.0,0.0,0.0,0.0,0.0,0.0,0.0,0.0,0.0,0.0,0.0,0.0,0.0,0.0,0.0,0.0,0.0,0.0,0.0,0.0,0.0,0.0,0.0,0.0,0.0,0.0,0.0,0.0,1.0,1.0,1.0,2.0,2.0,2.0,2.0,2.0,1.0,1.0,2.0,4.0,5.0,6.0,7.0,10.0,12.0,12.0,15.0,16.0,19.0,17.0,20.0,24.0,27.0,31.0,34.0,44.0,48.0,52.0,58.0,71.0,79.0,86.0,95.0,100.0,104.0,110.0,110.0,112.0,113.0,115.0,121.0,127.0,133.0,136.0,136.0,139.0,141.0,141.0,145.0,143.0,148.0,150.0,140.0
0.0,0.0,0.0,0.0,0.0,0.0,0.0,0.0,0.0,0.0,0.0,0.0,0.0,0.0,0.0,0.0,0.0,0.0,0.0,0.0,0.0,0.0,0.0,0.0,0.0,0.0,0.0,0.0,0.0,0.0,0.0,0.0,0.0,0.0,0.0,1.0,1.0,0.0,0.0,0.0,0.0,1.0,2.0,2.0,2.0,1.0,1.0,2.0,3.0,3.0,3.0,4.0,4.0,5.0,6.0,8.0,7.0,7.0,7.0,9.0,10.0,13.0,15.0,19.0,19.0,22.0,21.0,27.0,27.0,31.0,32.0,41.0,44.0,54.0,64.0,72.0,75.0,77.0,81.0,89.0,97.0,111.0,125.0,145.0,164.0,170.0,181.0,186.0,192.0,192.0,186.0,196.0,200.0,205.0,197.0,192.0,200.0,202.0,197.0,208.0,208.0,209.0,206.0
0.0,0.0,0.0,0.0,0.0,0.0,0.0,0.0,0.0,0.0,0.0,0.0,0.0,0.0,0.0,0.0,0.0,0.0,0.0,0.0,0.0,0.0,0.0,0.0,0.0,0.0,0.0,0.0,0.0,0.0,0.0,0.0,0.0,0.0,0.0,0.0,0.0,0.0,0.0,0.0,0.0,0.0,1.0,2.0,1.0,1.0,2.0,1.0,2.0,3.0,4.0,3.0,2.0,3.0,3.0,2.0,2.0,3.0,4.0,5.0,6.0,8.0,8.0,11.0,18.0,21.0,23.0,33.0,32.0,38.0,43.0,40.0,45.0,55.0,63.0,79.0,84.0,87.0,100.0,106.0,118.0,125.0,131.0,136.0,134.0,137.0,157.0,162.0,159.0,177.0,186.0,208.0,207.0,206.0,210.0,214.0,216.0,211.0,208.0,215.0,209.0,214.0,205.0
0.0,0.0,0.0,0.0,0.0,0.0,0.0,0.0,0.0,0.0,0.0,0.0,0.0,1.0,1.0,1.0,1.0,1.0,2.0,2.0,1.0,1.0,1.0,1.0,1.0,2.0,1.0,2.0,1.0,1.0,1.0,2.0,2.0,3.0,4.0,4.0,5.0,5.0,5.0,6.0,4.0,3.0,2.0,2.0,1.0,2.0,3.0,3.0,7.0,7.0,9.0,9.0,8.0,9.0,10.0,13.0,18.0,26.0,33.0,37.0,47.0,53.0,56.0,61.0,65.0,80.0,90.0,99.0,119.0,133.0,150.0,169.0,184.0,207.0,223.0,244.0,264.0,296.0,320.0,354.0,345.0,378.0,400.0,420.0,437.0,452.0,465.0,489.0,512.0,531.0,536.0,538.0,553.0,575.0,562.0,556.0,556.0,551.0,535.0,526.0,513.0,496.0,496.0
0.0,0.0,0.0,0.0,0.0,0.0,0.0,0.0,0.0,0.0,0.0,0.0,0.0,0.0,0.0,0.0,0.0,0.0,0.0,0.0,0.0,0.0,0.0,0.0,0.0,0.0,0.0,0.0,0.0,0.0,0.0,0.0,0.0,0.0,0.0,1.0,1.0,1.0,0.0,0.0,2.0,3.0,3.0,4.0,4.0,5.0,4.0,4.0,6.0,7.0,5.0,5.0,5.0,9.0,7.0,7.0,9.0,14.0,15.0,23.0,24.0,27.0,26.0,31.0,34.0,36.0,42.0,44.0,55.0,63.0,68.0,76.0,90.0,94.0,100.0,106.0,120.0,133.0,145.0,154.0,181.0,188.0,213.0,229.0,244.0,253.0,272.0,282.0,297.0,307.0,333.0,337.0,340.0,338.0,327.0,334.0,330.0,333.0,329.0,326.0,319.0,307.0,307.0
0.0,0.0,0.0,0.0,0.0,0.0,0.0,0.0,0.0,0.0,0.0,0.0,0.0,0.0,0.0,0.0,0.0,0.0,0.0,0.0,0.0,0.0,0.0,0.0,0.0,0.0,0.0,0.0,0.0,0.0,0.0,0.0,0.0,0.0,0.0,0.0,1.0,1.0,1.0,1.0,2.0,1.0,0.0,0.0,1.0,1.0,1.0,2.0,5.0,4.0,5.0,5.0,5.0,6.0,3.0,3.0,3.0,4.0,6.0,13.0,15.0,18.0,21.0,21.0,21.0,26.0,28.0,32.0,33.0,31.0,39.0,48.0,65.0,66.0,78.0,88.0,95.0,101.0,121.0,130.0,155.0,171.0,179.0,179.0,184.0,207.0,207.0,228.0,228.0,247.0,245.0,267.0,276.0,278.0,290.0,299.0,293.0,287.0,288.0,270.0,278.0,274.0,276.0
0.0,0.0,0.0,0.0,0.0,0.0,0.0,0.0,0.0,0.0,0.0,0.0,0.0,0.0,0.0,0.0,1.0,1.0,1.0,0.0,0.0,0.0,0.0,0.0,0.0,0.0,0.0,0.0,0.0,1.0,1.0,1.0,1.0,2.0,1.0,1.0,1.0,1.0,1.0,0.0,0.0,0.0,0.0,0.0,1.0,1.0,2.0,2.0,3.0,3.0,3.0,3.0,4.0,4.0,5.0,6.0,6.0,6.0,5.0,8.0,9.0,9.0,9.0,10.0,13.0,13.0,16.0,21.0,33.0,36.0,44.0,46.0,51.0,56.0,71.0,69.0,78.0,87.0,99.0,109.0,123.0,132.0,146.0,157.0,159.0,159.0,175.0,186.0,183.0,188.0,186.0,194.0,193.0,205.0,205.0,211.0,216.0,214.0,219.0,220.0,211.0,202.0,205.0
0.0,0.0,0.0,0.0,0.0,0.0,0.0,0.0,0.0,0.0,0.0,0.0,0.0,0.0,0.0,0.0,0.0,0.0,0.0,0.0,0.0,0.0,0.0,0.0,0.0,0.0,0.0,0.0,0.0,0.0,0.0,0.0,0.0,0.0,0.0,0.0,0.0,0.0,0.0,0.0,0.0,0.0,0.0,0.0,0.0,0.0,0.0,1.0,2.0,2.0,2.0,4.0,4.0,3.0,5.0,5.0,5.0,5.0,5.0,6.0,9.0,10.0,11.0,15.0,22.0,23.0,24.0,25.0,31.0,32.0,38.0,38.0,44.0,48.0,54.0,70.0,75.0,83.0,87.0,90.0,106.0,110.0,117.0,125.0,132.0,132.0,152.0,152.0,162.0,164.0,179.0,191.0,194.0,198.0,198.0,189.0,187.0,183.0,188.0,186.0,181.0,179.0,179.0
0.0,0.0,0.0,0.0,0.0,0.0,0.0,0.0,0.0,0.0,0.0,0.0,0.0,0.0,0.0,0.0,0.0,0.0,0.0,0.0,0.0,0.0,0.0,0.0,0.0,0.0,0.0,0.0,0.0,0.0,0.0,0.0,0.0,0.0,0.0,1.0,1.0,1.0,1.0,1.0,1.0,1.0,1.0,1.0,1.0,2.0,3.0,3.0,3.0,3.0,3.0,2.0,2.0,3.0,6.0,5.0,5.0,8.0,9.0,8.0,9.0,9.0,5.0,10.0,10.0,13.0,15.0,20.0,17.0,22.0,28.0,35.0,40.0,43.0,43.0,43.0,48.0,58.0,68.0,78.0,99.0,104.0,121.0,124.0,132.0,145.0,154.0,163.0,158.0,160.0,166.0,163.0,179.0,185.0,178.0,183.0,185.0,180.0,185.0,181.0,189.0,185.0,187.0
0.0,0.0,0.0,0.0,0.0,0.0,0.0,0.0,0.0,0.0,0.0,0.0,0.0,0.0,1.0,1.0,1.0,1.0,0.0,0.0,0.0,0.0,0.0,0.0,0.0,0.0,0.0,0.0,0.0,0.0,0.0,0.0,0.0,0.0,0.0,0.0,0.0,0.0,0.0,0.0,2.0,1.0,1.0,1.0,1.0,1.0,1.0,1.0,1.0,2.0,4.0,5.0,8.0,7.0,9.0,14.0,14.0,15.0,14.0,17.0,17.0,18.0,19.0,23.0,27.0,29.0,33.0,40.0,42.0,44.0,49.0,54.0,58.0,61.0,69.0,69.0,82.0,93.0,100.0,107.0,124.0,137.0,164.0,180.0,192.0,207.0,215.0,220.0,214.0,221.0,220.0,230.0,230.0,241.0,246.0,250.0,255.0,257.0,255.0,257.0,256.0,247.0,244.0
0.0,0.0,0.0,0.0,0.0,0.0,0.0,0.0,0.0,0.0,0.0,0.0,0.0,0.0,0.0,0.0,0.0,0.0,0.0,0.0,0.0,0.0,0.0,0.0,0.0,0.0,0.0,0.0,0.0,0.0,0.0,0.0,0.0,1.0,1.0,1.0,1.0,1.0,1.0,1.0,1.0,1.0,1.0,1.0,1.0,1.0,1.0,1.0,1.0,1.0,1.0,2.0,3.0,2.0,2.0,4.0,5.0,8.0,5.0,6.0,8.0,9.0,9.0,12.0,12.0,15.0,21.0,25.0,33.0,40.0,39.0,45.0,51.0,67.0,72.0,75.0,81.0,96.0,105.0,122.0,122.0,142.0,144.0,145.0,151.0,167.0,173.0,180.0,191.0,193.0,196.0,214.0,217.0,215.0,221.0,217.0,225.0,226.0,222.0,225.0,212.0,208.0,200.0
0.0,0.0,0.0,0.0,0.0,0.0,0.0,0.0,0.0,0.0,0.0,0.0,0.0,0.0,0.0,0.0,0.0,0.0,0.0,0.0,0.0,0.0,0.0,0.0,0.0,0.0,0.0,0.0,0.0,0.0,0.0,0.0,1.0,1.0,0.0,0.0,0.0,2.0,2.0,2.0,3.0,3.0,3.0,3.0,2.0,3.0,3.0,4.0,3.0,1.0,3.0,2.0,2.0,4.0,4.0,6.0,8.0,11.0,13.0,13.0,12.0,14.0,12.0,15.0,22.0,21.0,22.0,29.0,34.0,43.0,45.0,53.0,64.0,68.0,87.0,93.0,102.0,113.0,130.0,150.0,160.0,168.0,173.0,182.0,188.0,202.0,213.0,237.0,243.0,260.0,261.0,262.0,268.0,282.0,289.0,293.0,295.0,278.0,276.0,268.0,268.0,268.0,259.0
0.0,0.0,0.0,0.0,0.0,0.0,0.0,0.0,0.0,0.0,0.0,0.0,0.0,0.0,0.0,0.0,0.0,0.0,0.0,0.0,0.0,0.0,0.0,0.0,0.0,0.0,0.0,0.0,0.0,0.0,0.0,0.0,1.0,1.0,1.0,1.0,1.0,1.0,1.0,2.0,2.0,0.0,0.0,0.0,1.0,2.0,1.0,0.0,1.0,1.0,1.0,2.0,2.0,2.0,2.0,3.0,4.0,3.0,3.0,4.0,4.0,4.0,6.0,8.0,9.0,9.0,8.0,11.0,9.0,13.0,12.0,14.0,21.0,26.0,31.0,36.0,38.0,39.0,37.0,40.0,48.0,49.0,50.0,56.0,71.0,82.0,77.0,87.0,95.0,99.0,105.0,105.0,104.0,107.0,120.0,118.0,115.0,111.0,113.0,116.0,117.0,108.0,110.0
0.0,0.0,0.0,0.0,0.0,0.0,0.0,0.0,0.0,0.0,0.0,0.0,0.0,0.0,0.0,0.0,0.0,0.0,0.0,0.0,0.0,0.0,0.0,0.0,0.0,0.0,0.0,0.0,0.0,0.0,0.0,0.0,0.0,0.0,0.0,0.0,0.0,0.0,0.0,0.0,0.0,0.0,0.0,0.0,0.0,0.0,0.0,0.0,0.0,0.0,0.0,0.0,0.0,0.0,0.0,0.0,0.0,0.0,0.0,0.0,0.0,0.0,0.0,0.0,0.0,0.0,0.0,0.0,0.0,0.0,0.0,1.0,1.0,1.0,3.0,5.0,3.0,6.0,9.0,8.0,9.0,12.0,13.0,12.0,12.0,12.0,13.0,12.0,13.0,14.0,13.0,14.0,14.0,12.0,12.0,12.0,14.0,12.0,12.0,10.0,9.0,8.0,7.0
0.0,0.0,0.0,0.0,0.0,0.0,0.0,0.0,0.0,0.0,0.0,0.0,0.0,0.0,0.0,0.0,0.0,0.0,0.0,0.0,0.0,1.0,1.0,1.0,1.0,1.0,1.0,1.0,1.0,1.0,1.0,1.0,2.0,2.0,2.0,2.0,2.0,2.0,2.0,2.0,2.0,2.0,2.0,2.0,1.0,1.0,2.0,3.0,4.0,2.0,3.0,3.0,2.0,4.0,4.0,6.0,6.0,7.0,5.0,6.0,8.0,10.0,11.0,11.0,13.0,15.0,18.0,22.0,25.0,28.0,31.0,31.0,31.0,35.0,39.0,41.0,46.0,59.0,69.0,76.0,81.0,83.0,101.0,105.0,113.0,117.0,130.0,139.0,140.0,143.0,150.0,160.0,167.0,165.0,159.0,161.0,165.0,174.0,172.0,168.0,173.0,176.0,192.0
0.0,0.0,0.0,0.0,0.0,0.0,0.0,0.0,0.0,0.0,0.0,0.0,0.0,0.0,0.0,0.0,0.0,0.0,0.0,0.0,1.0,1.0,1.0,1.0,1.0,1.0,0.0,0.0,0.0,0.0,0.0,0.0,1.0,0.0,0.0,0.0,0.0,0.0,0.0,0.0,0.0,0.0,0.0,0.0,0.0,0.0,0.0,1.0,1.0,2.0,2.0,4.0,6.0,8.0,9.0,9.0,10.0,14.0,18.0,21.0,22.0,23.0,27.0,29.0,36.0,43.0,45.0,60.0,59.0,61.0,72.0,82.0,87.0,93.0,93.0,102.0,122.0,145.0,160.0,173.0,173.0,175.0,195.0,195.0,213.0,223.0,245.0,251.0,269.0,282.0,284.0,292.0,298.0,295.0,309.0,304.0,311.0,305.0,321.0,327.0,316.0,319.0,308.0
0.0,0.0,0.0,0.0,0.0,0.0,0.0,0.0,0.0,0.0,0.0,0.0,0.0,0.0,0.0,0.0,0.0,0.0,0.0,0.0,0.0,0.0,0.0,0.0,0.0,0.0,0.0,0.0,0.0,0.0,0.0,0.0,0.0,0.0,0.0,0.0,1.0,1.0,1.0,1.0,1.0,1.0,1.0,1.0,1.0,1.0,1.0,0.0,0.0,0.0,1.0,1.0,1.0,2.0,2.0,2.0,2.0,2.0,4.0,6.0,6.0,6.0,9.0,9.0,10.0,14.0,14.0,15.0,18.0,19.0,21.0,25.0,24.0,23.0,24.0,24.0,28.0,32.0,34.0,34.0,39.0,42.0,51.0,54.0,65.0,68.0,74.0,75.0,77.0,76.0,76.0,82.0,85.0,87.0,89.0,88.0,87.0,89.0,93.0,95.0,95.0,93.0,88.0
0.0,0.0,0.0,0.0,0.0,0.0,0.0,0.0,0.0,0.0,0.0,0.0,0.0,0.0,0.0,0.0,0.0,0.0,0.0,0.0,0.0,0.0,0.0,0.0,0.0,0.0,0.0,0.0,0.0,0.0,0.0,0.0,0.0,0.0,0.0,0.0,0.0,0.0,0.0,0.0,0.0,0.0,0.0,1.0,1.0,3.0,3.0,3.0,4.0,5.0,6.0,7.0,7.0,9.0,10.0,10.0,13.0,16.0,15.0,14.0,15.0,14.0,19.0,27.0,31.0,33.0,32.0,35.0,36.0,45.0,44.0,48.0,53.0,71.0,71.0,80.0,91.0,96.0,116.0,130.0,143.0,161.0,164.0,182.0,204.0,219.0,231.0,240.0,255.0,257.0,260.0,259.0,249.0,259.0,269.0,275.0,266.0,272.0,265.0,260.0,258.0,259.0,255.0
0.0,0.0,0.0,0.0,0.0,0.0,0.0,0.0,0.0,0.0,0.0,0.0,0.0,0.0,0.0,0.0,0.0,0.0,0.0,0.0,0.0,0.0,0.0,0.0,0.0,0.0,0.0,0.0,0.0,0.0,0.0,0.0,0.0,0.0,0.0,0.0,0.0,0.0,0.0,0.0,1.0,1.0,1.0,1.0,1.0,1.0,2.0,2.0,4.0,5.0,6.0,8.0,9.0,10.0,15.0,15.0,14.0,14.0,14.0,15.0,15.0,18.0,22.0,21.0,22.0,26.0,25.0,27.0,29.0,30.0,42.0,50.0,60.0,78.0,88.0,96.0,107.0,119.0,131.0,149.0,147.0,152.0,172.0,185.0,192.0,222.0,228.0,236.0,245.0,236.0,250.0,255.0,252.0,248.0,256.0,239.0,245.0,250.0,251.0,251.0,254.0,251.0,256.0
0.0,0.0,0.0,0.0,0.0,0.0,0.0,0.0,0.0,0.0,0.0,0.0,0.0,0.0,0.0,0.0,0.0,0.0,0.0,0.0,0.0,0.0,0.0,0.0,0.0,0.0,0.0,0.0,0.0,0.0,0.0,0.0,0.0,1.0,2.0,1.0,0.0,0.0,0.0,0.0,0.0,0.0,1.0,0.0,0.0,0.0,2.0,2.0,3.0,4.0,5.0,6.0,7.0,7.0,8.0,7.0,9.0,12.0,15.0,15.0,20.0,26.0,29.0,34.0,35.0,36.0,34.0,43.0,47.0,57.0,58.0,64.0,75.0,86.0,81.0,90.0,108.0,119.0,132.0,137.0,145.0,161.0,182.0,206.0,215.0,230.0,237.0,247.0,261.0,270.0,295.0,288.0,297.0,294.0,290.0,284.0,287.0,297.0,290.0,288.0,291.0,279.0,278.0
0.0,0.0,0.0,0.0,0.0,0.0,0.0,0.0,0.0,0.0,0.0,0.0,0.0,0.0,0.0,0.0,0.0,0.0,0.0,0.0,0.0,0.0,0.0,1.0,1.0,0.0,0.0,0.0,0.0,0.0,0.0,0.0,0.0,0.0,0.0,0.0,0.0,2.0,2.0,2.0,2.0,1.0,1.0,1.0,1.0,3.0,5.0,6.0,7.0,11.0,11.0,8.0,7.0,7.0,7.0,11.0,10.0,11.0,13.0,13.0,14.0,16.0,18.0,22.0,20.0,16.0,20.0,26.0,36.0,38.0,42.0,47.0,56.0,74.0,89.0,97.0,114.0,130.0,151.0,170.0,176.0,186.0,202.0,202.0,222.0,227.0,234.0,239.0,238.0,264.0,280.0,286.0,282.0,284.0,272.0,270.0,267.0,272.0,269.0,258.0,251.0,251.0,253.0
0.0,0.0,0.0,0.0,0.0,0.0,0.0,0.0,0.0,0.0,0.0,0.0,0.0,0.0,0.0,0.0,0.0,0.0,0.0,0.0,0.0,1.0,1.0,0.0,0.0,0.0,0.0,1.0,1.0,1.0,0.0,0.0,0.0,0.0,0.0,0.0,0.0,0.0,0.0,0.0,0.0,0.0,0.0,0.0,1.0,2.0,3.0,2.0,3.0,3.0,3.0,3.0,3.0,3.0,3.0,4.0,4.0,4.0,6.0,6.0,5.0,6.0,7.0,7.0,10.0,12.0,17.0,23.0,26.0,28.0,31.0,31.0,30.0,34.0,37.0,44.0,51.0,62.0,63.0,69.0,84.0,97.0,105.0,110.0,120.0,128.0,137.0,142.0,160.0,162.0,159.0,164.0,161.0,164.0,161.0,163.0,171.0,175.0,176.0,170.0,172.0,172.0,175.0
0.0,0.0,0.0,0.0,0.0,0.0,0.0,0.0,0.0,0.0,0.0,0.0,0.0,0.0,0.0,0.0,0.0,0.0,0.0,0.0,0.0,0.0,0.0,0.0,1.0,0.0,0.0,0.0,0.0,0.0,0.0,0.0,1.0,1.0,1.0,2.0,2.0,2.0,3.0,2.0,2.0,2.0,2.0,1.0,2.0,4.0,5.0,4.0,5.0,8.0,11.0,10.0,8.0,7.0,7.0,7.0,11.0,15.0,14.0,16.0,23.0,25.0,27.0,31.0,40.0,54.0,60.0,63.0,75.0,82.0,91.0,102.0,129.0,140.0,148.0,166.0,178.0,190.0,212.0,236.0,258.0,287.0,299.0,321.0,332.0,351.0,389.0,383.0,390.0,397.0,415.0,424.0,439.0,441.0,430.0,430.0,430.0,426.0,412.0,404.0,394.0,381.0,363.0
0.0,0.0,0.0,0.0,0.0,0.0,0.0,0.0,0.0,0.0,0.0,0.0,0.0,0.0,0.0,0.0,0.0,0.0,0.0,0.0,0.0,0.0,0.0,0.0,0.0,0.0,0.0,0.0,0.0,0.0,0.0,0.0,0.0,0.0,0.0,0.0,0.0,0.0,0.0,0.0,0.0,0.0,0.0,1.0,0.0,0.0,0.0,0.0,0.0,1.0,1.0,1.0,1.0,2.0,4.0,5.0,7.0,7.0,7.0,5.0,5.0,7.0,7.0,8.0,8.0,11.0,13.0,13.0,17.0,23.0,27.0,25.0,31.0,33.0,39.0,39.0,47.0,57.0,57.0,58.0,63.0,72.0,83.0,84.0,90.0,86.0,91.0,100.0,106.0,114.0,125.0,124.0,131.0,130.0,141.0,144.0,143.0,141.0,139.0,146.0,148.0,149.0,135.0
0.0,0.0,0.0,0.0,0.0,0.0,0.0,0.0,0.0,0.0,0.0,0.0,0.0,0.0,0.0,0.0,0.0,0.0,0.0,0.0,0.0,0.0,0.0,0.0,0.0,0.0,0.0,0.0,0.0,0.0,0.0,0.0,0.0,0.0,0.0,0.0,0.0,0.0,0.0,0.0,0.0,0.0,0.0,0.0,0.0,2.0,2.0,2.0,2.0,1.0,0.0,1.0,0.0,0.0,0.0,0.0,1.0,1.0,0.0,1.0,4.0,3.0,4.0,3.0,4.0,6.0,9.0,12.0,13.0,20.0,25.0,25.0,32.0,39.0,41.0,40.0,47.0,52.0,57.0,59.0,66.0,68.0,80.0,74.0,82.0,82.0,85.0,97.0,97.0,112.0,114.0,109.0,108.0,117.0,117.0,119.0,111.0,114.0,112.0,113.0,115.0,114.0,120.0
0.0,0.0,0.0,0.0,0.0,0.0,0.0,0.0,0.0,0.0,0.0,0.0,0.0,0.0,0.0,0.0,0.0,0.0,0.0,0.0,0.0,0.0,0.0,0.0,0.0,0.0,0.0,0.0,0.0,0.0,0.0,0.0,0.0,0.0,0.0,0.0,0.0,0.0,0.0,0.0,1.0,0.0,1.0,1.0,1.0,2.0,2.0,2.0,1.0,1.0,1.0,2.0,3.0,3.0,4.0,5.0,5.0,5.0,6.0,7.0,7.0,12.0,12.0,13.0,15.0,15.0,14.0,15.0,22.0,26.0,31.0,32.0,34.0,42.0,47.0,48.0,62.0,62.0,67.0,77.0,102.0,108.0,105.0,114.0,118.0,127.0,137.0,140.0,142.0,155.0,156.0,160.0,166.0,167.0,163.0,168.0,167.0,174.0,175.0,170.0,169.0,157.0,161.0
0.0,0.0,0.0,0.0,0.0,0.0,0.0,0.0,0.0,0.0,0.0,0.0,0.0,0.0,0.0,0.0,0.0,0.0,0.0,0.0,0.0,0.0,0.0,0.0,0.0,0.0,0.0,0.0,0.0,0.0,0.0,1.0,2.0,2.0,1.0,1.0,1.0,1.0,1.0,1.0,2.0,2.0,2.0,2.0,2.0,2.0,1.0,1.0,1.0,0.0,0.0,1.0,0.0,0.0,0.0,0.0,0.0,1.0,1.0,2.0,3.0,4.0,6.0,7.0,7.0,10.0,12.0,13.0,17.0,15.0,20.0,20.0,22.0,21.0,22.0,27.0,26.0,29.0,39.0,48.0,52.0,58.0,69.0,70.0,78.0,75.0,69.0,83.0,84.0,91.0,94.0,93.0,99.0,97.0,100.0,101.0,97.0,95.0,99.0,95.0,102.0,103.0,104.0
0.0,0.0,0.0,0.0,0.0,0.0,0.0,0.0,0.0,0.0,0.0,0.0,0.0,0.0,0.0,0.0,0.0,0.0,0.0,0.0,0.0,0.0,0.0,1.0,1.0,1.0,1.0,1.0,1.0,0.0,0.0,0.0,0.0,1.0,1.0,1.0,1.0,1.0,1.0,1.0,1.0,1.0,2.0,1.0,1.0,1.0,2.0,4.0,3.0,4.0,5.0,5.0,6.0,8.0,7.0,9.0,10.0,10.0,11.0,13.0,12.0,14.0,19.0,29.0,29.0,36.0,47.0,49.0,55.0,66.0,70.0,79.0,85.0,96.0,102.0,109.0,115.0,121.0,140.0,155.0,163.0,185.0,199.0,206.0,227.0,241.0,262.0,264.0,285.0,296.0,311.0,311.0,297.0,310.0,323.0,316.0,316.0,317.0,319.0,325.0,336.0,332.0,330.0
0.0,0.0,0.0,0.0,0.0,0.0,0.0,0.0,0.0,0.0,0.0,0.0,0.0,0.0,0.0,0.0,0.0,0.0,0.0,0.0,0.0,0.0,0.0,0.0,0.0,0.0,0.0,0.0,0.0,0.0,0.0,0.0,0.0,0.0,0.0,0.0,0.0,0.0,0.0,0.0,0.0,0.0,0.0,0.0,0.0,1.0,2.0,2.0,2.0,2.0,2.0,2.0,2.0,3.0,3.0,4.0,5.0,6.0,6.0,8.0,8.0,7.0,9.0,9.0,11.0,13.0,13.0,12.0,9.0,10.0,10.0,12.0,15.0,19.0,19.0,19.0,19.0,22.0,22.0,28.0,33.0,30.0,35.0,40.0,46.0,55.0,54.0,62.0,66.0,70.0,70.0,62.0,66.0,71.0,65.0,72.0,80.0,79.0,76.0,72.0,74.0,73.0,70.0
0.0,0.0,0.0,0.0,0.0,0.0,0.0,0.0,0.0,0.0,0.0,0.0,0.0,0.0,0.0,0.0,0.0,0.0,0.0,0.0,0.0,0.0,0.0,0.0,0.0,0.0,0.0,0.0,0.0,0.0,0.0,0.0,0.0,0.0,0.0,0.0,0.0,0.0,0.0,0.0,0.0,1.0,1.0,0.0,0.0,0.0,0.0,1.0,1.0,1.0,1.0,1.0,1.0,1.0,3.0,3.0,4.0,5.0,5.0,6.0,8.0,7.0,9.0,13.0,15.0,15.0,19.0,23.0,26.0,30.0,33.0,35.0,39.0,42.0,48.0,54.0,57.0,67.0,76.0,78.0,77.0,87.0,86.0,102.0,108.0,120.0,129.0,126.0,134.0,120.0,128.0,123.0,128.0,138.0,144.0,149.0,142.0,137.0,133.0,133.0,128.0,128.0,124.0
0.0,0.0,0.0,0.0,0.0,0.0,0.0,0.0,0.0,0.0,0.0,0.0,0.0,0.0,0.0,0.0,0.0,0.0,0.0,0.0,0.0,1.0,1.0,1.0,1.0,0.0,0.0,0.0,0.0,0.0,0.0,0.0,0.0,0.0,0.0,0.0,0.0,0.0,0.0,0.0,0.0,0.0,0.0,0.0,1.0,2.0,2.0,3.0,3.0,2.0,2.0,2.0,3.0,4.0,3.0,3.0,3.0,3.0,3.0,3.0,2.0,2.0,3.0,6.0,7.0,7.0,7.0,10.0,14.0,15.0,15.0,13.0,16.0,20.0,24.0,25.0,32.0,33.0,36.0,38.0,48.0,51.0,54.0,56.0,58.0,64.0,66.0,69.0,79.0,78.0,81.0,81.0,84.0,90.0,94.0,100.0,100.0,102.0,104.0,101.0,101.0,102.0,100.0
0.0,0.0,0.0,0.0,0.0,0.0,0.0,0.0,0.0,0.0,0.0,0.0,0.0,0.0,0.0,0.0,0.0,0.0,0.0,0.0,0.0,0.0,0.0,0.0,1.0,1.0,1.0,1.0,1.0,1.0,1.0,1.0,1.0,1.0,1.0,1.0,1.0,2.0,1.0,1.0,1.0,1.0,1.0,3.0,4.0,4.0,5.0,5.0,5.0,5.0,5.0,4.0,4.0,4.0,4.0,7.0,8.0,8.0,15.0,18.0,24.0,22.0,23.0,25.0,32.0,33.0,42.0,49.0,53.0,55.0,67.0,79.0,81.0,91.0,102.0,108.0,119.0,131.0,151.0,166.0,187.0,198.0,207.0,225.0,229.0,243.0,267.0,265.0,277.0,278.0,287.0,291.0,298.0,305.0,311.0,302.0,317.0,323.0,321.0,316.0,315.0,309.0,297.0
0.0,0.0,0.0,0.0,0.0,0.0,0.0,0.0,0.0,0.0,0.0,0.0,0.0,0.0,0.0,0.0,0.0,0.0,0.0,0.0,0.0,0.0,0.0,0.0,0.0,0.0,0.0,0.0,0.0,0.0,0.0,1.0,2.0,2.0,3.0,3.0,4.0,5.0,4.0,4.0,3.0,4.0,5.0,5.0,5.0,4.0,5.0,5.0,4.0,5.0,8.0,10.0,13.0,15.0,15.0,17.0,21.0,26.0,25.0,27.0,29.0,33.0,41.0,43.0,46.0,47.0,55.0,64.0,61.0,68.0,81.0,87.0,95.0,100.0,105.0,126.0,150.0,171.0,179.0,201.0,216.0,231.0,224.0,243.0,263.0,269.0,284.0,293.0,318.0,329.0,329.0,336.0,336.0,345.0,349.0,346.0,334.0,320.0,316.0,321.0,319.0,323.0,314.0
0.0,0.0,0.0,0.0,0.0,0.0,0.0,1.0,1.0,1.0,1.0,1.0,1.0,1.0,0.0,0.0,0.0,0.0,0.0,0.0,0.0,0.0,0.0,0.0,0.0,0.0,0.0,0.0,0.0,0.0,1.0,0.0,0.0,0.0,0.0,0.0,0.0,0.0,0.0,0.0,0.0,1.0,1.0,1.0,1.0,1.0,1.0,2.0,3.0,4.0,4.0,4.0,4.0,4.0,4.0,3.0,2.0,3.0,4.0,4.0,4.0,3.0,4.0,5.0,4.0,8.0,8.0,13.0,14.0,13.0,17.0,17.0,18.0,28.0,30.0,37.0,45.0,49.0,52.0,51.0,55.0,57.0,56.0,63.0,60.0,59.0,68.0,75.0,78.0,77.0,79.0,83.0,84.0,87.0,88.0,95.0,96.0,86.0,87.0,83.0,84.0,88.0,90.0
0.0,0.0,0.0,0.0,0.0,0.0,0.0,0.0,0.0,0.0,0.0,0.0,0.0,0.0,0.0,0.0,0.0,0.0,0.0,0.0,0.0,0.0,0.0,0.0,0.0,0.0,0.0,0.0,0.0,0.0,0.0,0.0,0.0,0.0,0.0,0.0,0.0,1.0,0.0,0.0,0.0,1.0,1.0,1.0,2.0,2.0,2.0,1.0,4.0,4.0,4.0,5.0,6.0,6.0,6.0,5.0,8.0,11.0,18.0,19.0,23.0,25.0,25.0,25.0,27.0,27.0,34.0,39.0,48.0,54.0,62.0,68.0,74.0,85.0,94.0,102.0,120.0,131.0,133.0,141.0,155.0,163.0,177.0,195.0,204.0,227.0,242.0,254.0,270.0,267.0,266.0,274.0,295.0,291.0,291.0,290.0,307.0,307.0,305.0,309.0,311.0,303.0,290.0
0.0,0.0,0.0,0.0,0.0,0.0,0.0,0.0,0.0,0.0,0.0,0.0,0.0,0.0,0.0,0.0,0.0,0.0,0.0,0.0,1.0,1.0,1.0,1.0,1.0,1.0,1.0,1.0,1.0,1.0,1.0,1.0,1.0,1.0,1.0,1.0,1.0,1.0,1.0,1.0,3.0,3.0,4.0,3.0,2.0,2.0,5.0,4.0,3.0,3.0,4.0,7.0,8.0,9.0,9.0,8.0,6.0,8.0,9.0,12.0,9.0,15.0,15.0,19.0,27.0,27.0,24.0,28.0,35.0,48.0,45.0,51.0,68.0,68.0,77.0,86.0,97.0,106.0,123.0,135.0,152.0,170.0,189.0,207.0,215.0,228.0,240.0,241.0,237.0,242.0,241.0,238.0,252.0,249.0,252.0,269.0,275.0,277.0,281.0,293.0,284.0,277.0,274.0
0.0,0.0,0.0,0.0,0.0,0.0,0.0,0.0,0.0,0.0,0.0,0.0,0.0,0.0,0.0,0.0,0.0,0.0,0.0,0.0,0.0,0.0,0.0,0.0,0.0,0.0,1.0,1.0,1.0,0.0,0.0,0.0,0.0,0.0,0.0,0.0,0.0,0.0,0.0,0.0,0.0,0.0,0.0,0.0,0.0,1.0,1.0,2.0,1.0,1.0,1.0,1.0,0.0,0.0,1.0,1.0,1.0,1.0,2.0,3.0,3.0,4.0,7.0,10.0,16.0,19.0,19.0,19.0,19.0,22.0,29.0,32.0,28.0,30.0,37.0,46.0,48.0,51.0,59.0,69.0,84.0,86.0,100.0,104.0,119.0,129.0,132.0,137.0,144.0,151.0,158.0,168.0,167.0,167.0,171.0,170.0,168.0,155.0,152.0,152.0,154.0,154.0,153.0
0.0,0.0,0.0,0.0,0.0,0.0,0.0,0.0,0.0,0.0,0.0,0.0,0.0,0.0,0.0,0.0,0.0,0.0,0.0,0.0,0.0,0.0,0.0,0.0,0.0,0.0,0.0,0.0,1.0,1.0,1.0,1.0,1.0,2.0,2.0,2.0,2.0,2.0,2.0,2.0,3.0,3.0,4.0,5.0,6.0,7.0,8.0,9.0,7.0,9.0,7.0,10.0,9.0,12.0,10.0,8.0,8.0,13.0,14.0,16.0,20.0,26.0,28.0,33.0,42.0,48.0,49.0,55.0,64.0,68.0,75.0,86.0,101.0,108.0,116.0,140.0,153.0,160.0,174.0,184.0,196.0,208.0,223.0,252.0,261.0,279.0,301.0,310.0,319.0,330.0,338.0,347.0,356.0,359.0,359.0,346.0,345.0,347.0,360.0,345.0,348.0,338.0,326.0
0.0,0.0,0.0,0.0,0.0,0.0,0.0,0.0,0.0,0.0,0.0,0.0,0.0,0.0,0.0,0.0,0.0,0.0,0.0,0.0,0.0,0.0,0.0,0.0,0.0,0.0,0.0,0.0,0.0,0.0,0.0,0.0,0.0,0.0,0.0,1.0,1.0,0.0,0.0,0.0,0.0,0.0,0.0,0.0,2.0,2.0,2.0,2.0,1.0,3.0,4.0,3.0,2.0,4.0,6.0,7.0,5.0,6.0,10.0,12.0,15.0,15.0,12.0,13.0,19.0,23.0,26.0,24.0,29.0,39.0,39.0,44.0,46.0,57.0,66.0,68.0,73.0,81.0,89.0,107.0,112.0,126.0,136.0,147.0,156.0,160.0,170.0,179.0,178.0,179.0,178.0,196.0,209.0,208.0,212.0,206.0,201.0,213.0,218.0,215.0,215.0,218.0,211.0
0.0,0.0,0.0,0.0,0.0,0.0,0.0,0.0,0.0,0.0,0.0,0.0,0.0,0.0,0.0,0.0,0.0,0.0,0.0,0.0,0.0,0.0,0.0,0.0,0.0,0.0,0.0,0.0,0.0,0.0,0.0,0.0,1.0,1.0,1.0,1.0,1.0,1.0,1.0,1.0,1.0,1.0,1.0,1.0,1.0,1.0,1.0,1.0,1.0,1.0,1.0,2.0,3.0,3.0,2.0,2.0,2.0,4.0,5.0,5.0,4.0,7.0,10.0,12.0,12.0,14.0,13.0,13.0,15.0,20.0,21.0,24.0,25.0,25.0,34.0,36.0,45.0,47.0,61.0,61.0,65.0,73.0,78.0,79.0,90.0,92.0,99.0,108.0,124.0,124.0,127.0,128.0,132.0,134.0,127.0,129.0,128.0,125.0,135.0,130.0,135.0,133.0,123.0
0.0,0.0,0.0,0.0,0.0,0.0,0.0,0.0,0.0,0.0,0.0,0.0,0.0,0.0,0.0,0.0,0.0,0.0,0.0,0.0,0.0,0.0,1.0,1.0,1.0,1.0,1.0,1.0,1.0,1.0,1.0,1.0,0.0,0.0,0.0,0.0,0.0,0.0,0.0,0.0,0.0,0.0,1.0,2.0,3.0,3.0,2.0,2.0,3.0,3.0,4.0,3.0,5.0,3.0,4.0,5.0,5.0,2.0,2.0,5.0,7.0,11.0,12.0,13.0,14.0,18.0,18.0,19.0,26.0,29.0,31.0,30.0,36.0,41.0,49.0,64.0,75.0,73.0,86.0,105.0,113.0,135.0,127.0,135.0,150.0,171.0,164.0,168.0,172.0,186.0,191.0,193.0,187.0,192.0,195.0,209.0,198.0,197.0,198.0,192.0,189.0,187.0,186.0
0.0,0.0,0.0,0.0,0.0,0.0,0.0,0.0,0.0,0.0,0.0,0.0,0.0,0.0,0.0,0.0,0.0,0.0,0.0,0.0,0.0,0.0,0.0,0.0,0.0,0.0,0.0,0.0,1.0,1.0,1.0,2.0,3.0,3.0,4.0,4.0,3.0,3.0,3.0,3.0,3.0,2.0,2.0,1.0,2.0,3.0,3.0,6.0,7.0,7.0,10.0,10.0,10.0,10.0,13.0,17.0,16.0,17.0,16.0,20.0,18.0,25.0,35.0,36.0,47.0,50.0,59.0,60.0,65.0,76.0,90.0,112.0,115.0,121.0,133.0,159.0,164.0,179.0,207.0,210.0,224.0,224.0,234.0,245.0,275.0,309.0,337.0,357.0,369.0,388.0,376.0,382.0,389.0,386.0,393.0,390.0,401.0,390.0,390.0,370.0,348.0,354.0,356.0
0.0,0.0,0.0,0.0,0.0,0.0,0.0,0.0,0.0,0.0,0.0,0.0,0.0,0.0,0.0,0.0,0.0,0.0,0.0,0.0,0.0,0.0,0.0,0.0,0.0,0.0,0.0,0.0,0.0,0.0,0.0,0.0,0.0,0.0,0.0,0.0,0.0,0.0,0.0,0.0,0.0,0.0,3.0,3.0,3.0,3.0,3.0,4.0,5.0,5.0,4.0,5.0,7.0,7.0,9.0,9.0,10.0,10.0,8.0,11.0,13.0,13.0,16.0,18.0,18.0,24.0,25.0,28.0,25.0,29.0,34.0,38.0,51.0,57.0,60.0,62.0,69.0,78.0,83.0,91.0,112.0,125.0,135.0,147.0,157.0,168.0,181.0,191.0,206.0,205.0,216.0,218.0,226.0,239.0,229.0,228.0,233.0,232.0,234.0,237.0,234.0,231.0,227.0
0.0,0.0,0.0,0.0,0.0,0.0,0.0,0.0,0.0,0.0,0.0,0.0,0.0,0.0,0.0,0.0,0.0,0.0,0.0,0.0,0.0,0.0,0.0,0.0,0.0,0.0,0.0,0.0,1.0,2.0,2.0,2.0,2.0,2.0,2.0,2.0,0.0,2.0,2.0,1.0,0.0,0.0,1.0,1.0,1.0,1.0,1.0,1.0,1.0,1.0,1.0,1.0,1.0,2.0,0.0,0.0,2.0,5.0,5.0,7.0,7.0,8.0,11.0,9.0,12.0,15.0,17.0,17.0,20.0,23.0,25.0,29.0,34.0,40.0,44.0,54.0,52.0,71.0,79.0,79.0,83.0,86.0,96.0,112.0,115.0,112.0,118.0,121.0,128.0,143.0,153.0,161.0,157.0,163.0,158.0,158.0,158.0,159.0,157.0,151.0,156.0,155.0,152.0
0.0,0.0,0.0,0.0,0.0,0.0,0.0,0.0,0.0,0.0,0.0,0.0,0.0,0.0,0.0,0.0,0.0,0.0,0.0,0.0,0.0,0.0,0.0,0.0,0.0,0.0,0.0,0.0,0.0,0.0,0.0,0.0,0.0,0.0,0.0,0.0,0.0,0.0,0.0,0.0,0.0,0.0,0.0,1.0,1.0,1.0,1.0,3.0,3.0,4.0,4.0,5.0,4.0,5.0,5.0,9.0,8.0,8.0,8.0,11.0,10.0,14.0,15.0,17.0,22.0,28.0,33.0,38.0,42.0,42.0,48.0,55.0,56.0,70.0,78.0,84.0,90.0,91.0,103.0,116.0,135.0,143.0,158.0,173.0,179.0,195.0,223.0,229.0,236.0,236.0,245.0,260.0,267.0,255.0,250.0,271.0,261.0,267.0,266.0,269.0,262.0,269.0,263.0
0.0,0.0,0.0,0.0,0.0,0.0,0.0,0.0,0.0,0.0,0.0,0.0,0.0,0.0,1.0,1.0,1.0,1.0,2.0,2.0,1.0,1.0,1.0,1.0,1.0,1.0,1.0,1.0,1.0,1.0,1.0,2.0,2.0,1.0,1.0,1.0,1.0,1.0,1.0,1.0,1.0,1.0,1.0,2.0,4.0,4.0,4.0,4.0,4.0,5.0,7.0,8.0,10.0,16.0,19.0,17.0,23.0,23.0,26.0,27.0,27.0,28.0,30.0,32.0,38.0,45.0,50.0,56.0,61.0,74.0,87.0,91.0,108.0,119.0,116.0,136.0,150.0,182.0,204.0,222.0,230.0,262.0,284.0,292.0,291.0,293.0,301.0,311.0,326.0,340.0,338.0,345.0,350.0,366.0,367.0,362.0,366.0,359.0,345.0,347.0,347.0,347.0,346.0
0.0,0.0,0.0,0.0,0.0,0.0,0.0,0.0,0.0,0.0,0.0,0.0,0.0,0.0,0.0,0.0,0.0,0.0,0.0,0.0,0.0,0.0,0.0,0.0,0.0,0.0,0.0,1.0,1.0,1.0,1.0,1.0,1.0,0.0,0.0,0.0,0.0,0.0,0.0,0.0,1.0,1.0,1.0,1.0,1.0,1.0,1.0,1.0,0.0,0.0,1.0,1.0,2.0,2.0,2.0,3.0,3.0,2.0,3.0,5.0,4.0,6.0,6.0,6.0,8.0,10.0,11.0,11.0,13.0,20.0,23.0,25.0,31.0,40.0,48.0,54.0,61.0,66.0,67.0,70.0,80.0,82.0,87.0,91.0,86.0,89.0,93.0,93.0,99.0,102.0,105.0,104.0,112.0,112.0,117.0,120.0,116.0,116.0,114.0,108.0,110.0,109.0,111.0
0.0,0.0,0.0,0.0,0.0,0.0,0.0,0.0,0.0,0.0,0.0,0.0,0.0,0.0,0.0,0.0,0.0,0.0,0.0,0.0,0.0,0.0,0.0,0.0,0.0,0.0,0.0,0.0,0.0,0.0,0.0,0.0,1.0,0.0,0.0,0.0,0.0,0.0,0.0,0.0,0.0,0.0,1.0,2.0,3.0,2.0,2.0,3.0,4.0,4.0,4.0,5.0,5.0,5.0,5.0,7.0,8.0,8.0,7.0,10.0,12.0,13.0,15.0,20.0,20.0,21.0,23.0,24.0,26.0,29.0,33.0,34.0,39.0,42.0,41.0,51.0,55.0,68.0,74.0,78.0,82.0,97.0,109.0,120.0,129.0,138.0,139.0,151.0,152.0,163.0,168.0,168.0,170.0,168.0,175.0,172.0,173.0,173.0,176.0,179.0,174.0,181.0,176.0
0.0,0.0,0.0,0.0,0.0,0.0,0.0,0.0,0.0,0.0,0.0,0.0,0.0,0.0,0.0,0.0,0.0,0.0,0.0,0.0,0.0,0.0,0.0,0.0,1.0,1.0,0.0,0.0,0.0,0.0,0.0,0.0,0.0,0.0,1.0,0.0,0.0,1.0,2.0,4.0,4.0,4.0,4.0,4.0,5.0,5.0,4.0,3.0,3.0,3.0,4.0,5.0,6.0,8.0,7.0,10.0,11.0,9.0,10.0,12.0,12.0,13.0,15.0,20.0,22.0,23.0,22.0,23.0,28.0,34.0,41.0,51.0,57.0,66.0,75.0,90.0,96.0,107.0,127.0,144.0,161.0,162.0,171.0,175.0,185.0,190.0,209.0,222.0,234.0,238.0,242.0,256.0,273.0,276.0,290.0,292.0,286.0,293.0,286.0,294.0,290.0,288.0,281.0
0.0,0.0,0.0,0.0,0.0,0.0,0.0,0.0,0.0,0.0,0.0,0.0,0.0,0.0,0.0,0.0,0.0,0.0,0.0,0.0,0.0,0.0,0.0,0.0,0.0,0.0,0.0,0.0,0.0,0.0,0.0,0.0,0.0,0.0,0.0,0.0,0.0,0.0,0.0,0.0,0.0,0.0,0.0,0.0,0.0,0.0,0.0,0.0,0.0,0.0,0.0,0.0,0.0,0.0,0.0,0.0,1.0,1.0,0.0,0.0,0.0,2.0,2.0,2.0,2.0,2.0,2.0,2.0,3.0,2.0,3.0,4.0,5.0,5.0,6.0,8.0,8.0,9.0,9.0,10.0,10.0,10.0,10.0,12.0,13.0,17.0,17.0,18.0,21.0,24.0,23.0,20.0,18.0,17.0,16.0,18.0,18.0,20.0,20.0,20.0,20.0,18.0,19.0
0.0,0.0,0.0,0.0,0.0,0.0,0.0,0.0,0.0,0.0,0.0,0.0,0.0,0.0,0.0,0.0,0.0,0.0,0.0,0.0,0.0,0.0,0.0,0.0,0.0,0.0,0.0,1.0,1.0,1.0,1.0,0.0,0.0,0.0,0.0,0.0,0.0,0.0,0.0,0.0,0.0,0.0,0.0,1.0,1.0,2.0,2.0,2.0,1.0,1.0,2.0,2.0,2.0,1.0,1.0,2.0,2.0,1.0,1.0,1.0,4.0,5.0,6.0,4.0,5.0,5.0,7.0,6.0,8.0,6.0,11.0,14.0,15.0,16.0,15.0,19.0,22.0,24.0,27.0,31.0,36.0,35.0,42.0,47.0,47.0,57.0,60.0,64.0,60.0,65.0,64.0,67.0,67.0,72.0,72.0,72.0,63.0,66.0,69.0,65.0,65.0,61.0,61.0
0.0,0.0,0.0,0.0,0.0,0.0,0.0,0.0,0.0,0.0,0.0,0.0,0.0,0.0,0.0,0.0,0.0,0.0,0.0,0.0,0.0,0.0,0.0,0.0,0.0,0.0,0.0,0.0,0.0,0.0,0.0,0.0,0.0,0.0,0.0,0.0,0.0,0.0,0.0,0.0,1.0,1.0,1.0,1.0,1.0,1.0,2.0,2.0,2.0,3.0,3.0,3.0,5.0,5.0,6.0,4.0,4.0,5.0,6.0,10.0,9.0,11.0,12.0,15.0,15.0,20.0,25.0,30.0,36.0,43.0,43.0,49.0,64.0,70.0,77.0,85.0,89.0,109.0,131.0,141.0,167.0,168.0,172.0,184.0,184.0,204.0,218.0,234.0,241.0,247.0,258.0,259.0,257.0,265.0,263.0,279.0,283.0,281.0,285.0,279.0,267.0,265.0,260.0
0.0,0.0,0.0,0.0,0.0,0.0,0.0,0.0,0.0,0.0,0.0,0.0,0.0,0.0,0.0,0.0,0.0,0.0,0.0,0.0,0.0,0.0,0.0,0.0,1.0,1.0,0.0,0.0,1.0,0.0,0.0,0.0,0.0,0.0,0.0,0.0,0.0,0.0,0.0,0.0,0.0,0.0,0.0,0.0,0.0,1.0,3.0,1.0,2.0,2.0,2.0,3.0,4.0,3.0,4.0,4.0,6.0,7.0,9.0,8.0,9.0,11.0,13.0,14.0,20.0,23.0,26.0,31.0,34.0,39.0,44.0,51.0,54.0,63.0,68.0,71.0,82.0,90.0,98.0,108.0,124.0,145.0,163.0,174.0,184.0,198.0,205.0,216.0,211.0,226.0,232.0,230.0,235.0,231.0,233.0,235.0,237.0,237.0,245.0,246.0,243.0,231.0,225.0
0.0,0.0,0.0,0.0,0.0,0.0,0.0,0.0,0.0,0.0,0.0,0.0,0.0,0.0,0.0,0.0,0.0,0.0,0.0,0.0,0.0,0.0,0.0,0.0,0.0,0.0,0.0,0.0,0.0,0.0,0.0,0.0,0.0,1.0,1.0,1.0,1.0,2.0,2.0,2.0,2.0,4.0,4.0,4.0,4.0,5.0,6.0,6.0,5.0,6.0,7.0,9.0,12.0,13.0,11.0,12.0,13.0,14.0,19.0,19.0,23.0,27.0,32.0,34.0,40.0,42.0,54.0,68.0,67.0,61.0,73.0,76.0,89.0,91.0,103.0,114.0,128.0,145.0,173.0,183.0,212.0,227.0,236.0,245.0,271.0,273.0,278.0,295.0,292.0,293.0,304.0,318.0,316.0,320.0,326.0,333.0,319.0,311.0,311.0,318.0,312.0,301.0,310.0
0.0,0.0,0.0,0.0,0.0,0.0,0.0,0.0,0.0,0.0,0.0,0.0,0.0,0.0,0.0,0.0,0.0,0.0,0.0,0.0,0.0,0.0,1.0,1.0,1.0,1.0,1.0,0.0,0.0,0.0,0.0,0.0,0.0,0.0,0.0,0.0,0.0,0.0,0.0,0.0,1.0,2.0,0.0,1.0,4.0,3.0,3.0,2.0,2.0,2.0,2.0,4.0,5.0,5.0,6.0,6.0,8.0,11.0,16.0,15.0,20.0,22.0,21.0,21.0,22.0,29.0,32.0,35.0,45.0,49.0,52.0,57.0,64.0,74.0,89.0,99.0,108.0,114.0,127.0,144.0,176.0,171.0,184.0,191.0,210.0,236.0,251.0,247.0,248.0,269.0,285.0,280.0,280.0,279.0,283.0,278.0,270.0,280.0,286.0,293.0,294.0,276.0,285.0
0.0,0.0,0.0,0.0,0.0,0.0,0.0,0.0,0.0,0.0,0.0,0.0,0.0,0.0,0.0,0.0,0.0,0.0,0.0,0.0,0.0,0.0,0.0,0.0,0.0,0.0,0.0,0.0,0.0,1.0,1.0,1.0,0.0,0.0,0.0,0.0,0.0,0.0,0.0,0.0,0.0,1.0,1.0,1.0,1.0,1.0,1.0,1.0,1.0,1.0,0.0,1.0,1.0,0.0,0.0,0.0,1.0,1.0,1.0,1.0,3.0,6.0,6.0,7.0,7.0,5.0,8.0,9.0,8.0,11.0,10.0,12.0,13.0,14.0,15.0,17.0,20.0,20.0,24.0,25.0,32.0,34.0,33.0,33.0,41.0,43.0,46.0,46.0,48.0,49.0,50.0,50.0,48.0,53.0,51.0,54.0,55.0,55.0,57.0,54.0,56.0,55.0,52.0
0.0,0.0,0.0,0.0,0.0,0.0,0.0,0.0,0.0,0.0,0.0,0.0,0.0,0.0,0.0,0.0,0.0,0.0,0.0,0.0,0.0,0.0,0.0,0.0,0.0,0.0,0.0,0.0,0.0,0.0,0.0,0.0,0.0,0.0,0.0,0.0,0.0,0.0,0.0,0.0,0.0,0.0,0.0,0.0,0.0,0.0,0.0,0.0,0.0,0.0,0.0,0.0,0.0,0.0,0.0,0.0,0.0,0.0,0.0,0.0,0.0,0.0,0.0,0.0,0.0,1.0,3.0,3.0,4.0,4.0,4.0,4.0,10.0,10.0,9.0,9.0,12.0,10.0,9.0,13.0,20.0,23.0,23.0,24.0,29.0,31.0,34.0,36.0,38.0,44.0,38.0,43.0,41.0,38.0,44.0,44.0,44.0,43.0,45.0,43.0,42.0,38.0,40.0
0.0,0.0,0.0,0.0,0.0,0.0,0.0,0.0,0.0,0.0,0.0,0.0,0.0,0.0,0.0,0.0,0.0,0.0,0.0,0.0,0.0,0.0,0.0,0.0,0.0,0.0,0.0,0.0,1.0,1.0,1.0,0.0,0.0,1.0,2.0,3.0,1.0,1.0,1.0,1.0,1.0,1.0,1.0,1.0,1.0,1.0,2.0,1.0,1.0,3.0,3.0,5.0,5.0,5.0,9.0,11.0,10.0,9.0,11.0,10.0,9.0,14.0,12.0,15.0,16.0,21.0,25.0,27.0,27.0,30.0,31.0,37.0,41.0,45.0,57.0,59.0,69.0,77.0,91.0,111.0,125.0,146.0,159.0,171.0,177.0,188.0,192.0,199.0,217.0,228.0,231.0,241.0,242.0,245.0,250.0,239.0,246.0,245.0,251.0,255.0,250.0,242.0,245.0
0.0,0.0,0.0,0.0,0.0,0.0,0.0,0.0,0.0,0.0,0.0,0.0,0.0,0.0,0.0,0.0,0.0,0.0,0.0,0.0,0.0,0.0,0.0,0.0,0.0,0.0,0.0,0.0,0.0,0.0,0.0,0.0,0.0,0.0,0.0,0.0,0.0,0.0,1.0,2.0,2.0,1.0,2.0,2.0,3.0,2.0,2.0,2.0,2.0,2.0,1.0,1.0,2.0,3.0,4.0,7.0,8.0,9.0,12.0,11.0,12.0,13.0,14.0,17.0,13.0,14.0,20.0,16.0,18.0,18.0,27.0,35.0,41.0,36.0,39.0,39.0,50.0,58.0,68.0,78.0,91.0,100.0,108.0,114.0,129.0,125.0,123.0,128.0,140.0,140.0,157.0,159.0,159.0,160.0,169.0,165.0,165.0,166.0,167.0,174.0,173.0,174.0,181.0
0.0,0.0,0.0,0.0,0.0,0.0,0.0,0.0,0.0,0.0,0.0,0.0,0.0,0.0,0.0,0.0,0.0,0.0,0.0,0.0,0.0,0.0,0.0,0.0,0.0,0.0,0.0,0.0,0.0,0.0,0.0,0.0,0.0,0.0,0.0,0.0,0.0,0.0,0.0,0.0,0.0,0.0,0.0,0.0,0.0,0.0,0.0,0.0,2.0,2.0,2.0,2.0,2.0,4.0,2.0,3.0,3.0,3.0,3.0,3.0,4.0,4.0,8.0,10.0,13.0,16.0,18.0,21.0,23.0,26.0,34.0,43.0,46.0,49.0,61.0,68.0,66.0,71.0,78.0,84.0,85.0,95.0,95.0,106.0,115.0,126.0,135.0,137.0,146.0,162.0,161.0,163.0,167.0,180.0,183.0,176.0,176.0,175.0,167.0,169.0,162.0,159.0,154.0
0.0,0.0,0.0,0.0,0.0,0.0,0.0,0.0,0.0,0.0,0.0,0.0,0.0,0.0,0.0,0.0,0.0,0.0,0.0,0.0,0.0,0.0,0.0,0.0,0.0,0.0,0.0,0.0,0.0,0.0,0.0,0.0,0.0,0.0,0.0,0.0,0.0,0.0,0.0,0.0,0.0,0.0,0.0,0.0,0.0,0.0,1.0,2.0,2.0,2.0,3.0,3.0,2.0,1.0,1.0,1.0,1.0,2.0,2.0,4.0,3.0,5.0,5.0,3.0,3.0,5.0,6.0,7.0,9.0,8.0,11.0,14.0,18.0,21.0,19.0,22.0,24.0,28.0,35.0,36.0,45.0,46.0,51.0,60.0,59.0,69.0,70.0,71.0,68.0,73.0,78.0,82.0,89.0,88.0,85.0,88.0,83.0,84.0,81.0,83.0,78.0,74.0,73.0
0.0,0.0,0.0,0.0,0.0,0.0,0.0,0.0,0.0,0.0,0.0,0.0,0.0,0.0,0.0,0.0,0.0,0.0,0.0,0.0,0.0,0.0,0.0,0.0,0.0,0.0,1.0,1.0,0.0,0.0,0.0,0.0,0.0,0.0,0.0,0.0,0.0,0.0,0.0,1.0,0.0,0.0,0.0,0.0,0.0,0.0,0.0,0.0,0.0,2.0,2.0,2.0,4.0,4.0,4.0,4.0,7.0,8.0,10.0,13.0,16.0,15.0,16.0,21.0,25.0,28.0,33.0,34.0,36.0,44.0,53.0,69.0,70.0,76.0,82.0,90.0,112.0,128.0,147.0,157.0,163.0,186.0,192.0,199.0,213.0,217.0,226.0,246.0,248.0,265.0,275.0,276.0,267.0,280.0,280.0,281.0,286.0,291.0,274.0,274.0,273.0,279.0,268.0
0.0,0.0,0.0,0.0,0.0,0.0,0.0,0.0,0.0,0.0,0.0,0.0,0.0,0.0,0.0,0.0,0.0,0.0,0.0,0.0,0.0,0.0,0.0,0.0,0.0,0.0,0.0,0.0,0.0,0.0,0.0,0.0,0.0,0.0,0.0,0.0,0.0,0.0,0.0,0.0,0.0,0.0,0.0,0.0,0.0,0.0,0.0,0.0,2.0,2.0,5.0,3.0,2.0,4.0,5.0,7.0,9.0,9.0,10.0,14.0,18.0,17.0,19.0,17.0,20.0,22.0,23.0,29.0,33.0,38.0,37.0,46.0,57.0,63.0,73.0,86.0,90.0,107.0,131.0,135.0,150.0,166.0,176.0,187.0,193.0,201.0,210.0,241.0,246.0,242.0,247.0,252.0,257.0,246.0,244.0,255.0,262.0,254.0,250.0,257.0,259.0,263.0,249.0
0.0,0.0,0.0,0.0,0.0,0.0,0.0,0.0,0.0,0.0,0.0,0.0,0.0,0.0,0.0,0.0,0.0,0.0,0.0,0.0,0.0,0.0,0.0,0.0,0.0,0.0,0.0,0.0,0.0,0.0,0.0,0.0,0.0,0.0,0.0,0.0,0.0,0.0,0.0,1.0,1.0,1.0,1.0,1.0,0.0,1.0,1.0,0.0,0.0,0.0,1.0,3.0,3.0,2.0,5.0,6.0,6.0,5.0,6.0,6.0,8.0,5.0,6.0,11.0,11.0,14.0,19.0,21.0,25.0,35.0,38.0,44.0,46.0,47.0,54.0,66.0,69.0,75.0,85.0,91.0,95.0,105.0,110.0,108.0,116.0,132.0,141.0,138.0,148.0,145.0,158.0,157.0,156.0,160.0,160.0,163.0,170.0,167.0,163.0,174.0,172.0,176.0,170.0
0.0,0.0,0.0,0.0,0.0,0.0,0.0,0.0,0.0,0.0,0.0,0.0,0.0,0.0,0.0,0.0,0.0,0.0,0.0,0.0,0.0,0.0,0.0,0.0,0.0,0.0,0.0,0.0,0.0,1.0,1.0,1.0,1.0,1.0,1.0,1.0,1.0,1.0,1.0,1.0,1.0,1.0,1.0,2.0,1.0,1.0,2.0,2.0,3.0,4.0,3.0,3.0,3.0,4.0,4.0,4.0,6.0,6.0,6.0,5.0,8.0,11.0,11.0,14.0,13.0,13.0,15.0,15.0,19.0,20.0,25.0,29.0,32.0,37.0,37.0,46.0,48.0,51.0,51.0,67.0,72.0,82.0,85.0,91.0,94.0,96.0,101.0,112.0,118.0,110.0,118.0,133.0,130.0,134.0,134.0,140.0,142.0,139.0,138.0,139.0,139.0,138.0,135.0
0.0,0.0,0.0,0.0,0.0,0.0,0.0,0.0,0.0,0.0,0.0,0.0,0.0,0.0,0.0,0.0,0.0,0.0,0.0,0.0,0.0,0.0,0.0,0.0,0.0,0.0,0.0,0.0,1.0,1.0,1.0,1.0,2.0,2.0,2.0,2.0,1.0,1.0,1.0,2.0,3.0,2.0,2.0,2.0,3.0,3.0,3.0,2.0,3.0,4.0,4.0,6.0,6.0,5.0,5.0,4.0,8.0,9.0,15.0,17.0,19.0,18.0,17.0,18.0,20.0,24.0,34.0,38.0,41.0,46.0,51.0,62.0,61.0,67.0,81.0,95.0,105.0,118.0,130.0,139.0,153.0,161.0,171.0,178.0,193.0,211.0,214.0,238.0,255.0,255.0,261.0,267.0,263.0,270.0,268.0,269.0,273.0,268.0,265.0,260.0,254.0,252.0,254.0
0.0,0.0,0.0,0.0,0.0,0.0,0.0,0.0,0.0,0.0,1.0,1.0,1.0,1.0,1.0,0.0,0.0,0.0,0.0,0.0,0.0,0.0,0.0,0.0,0.0,0.0,0.0,0.0,0.0,0.0,0.0,0.0,0.0,0.0,0.0,0.0,0.0,1.0,1.0,1.0,1.0,1.0,1.0,1.0,1.0,1.0,1.0,1.0,1.0,2.0,3.0,3.0,3.0,4.0,4.0,5.0,5.0,4.0,3.0,3.0,4.0,6.0,6.0,8.0,8.0,8.0,12.0,19.0,18.0,19.0,19.0,19.0,20.0,21.0,22.0,24.0,36.0,37.0,46.0,50.0,58.0,69.0,78.0,73.0,86.0,85.0,89.0,93.0,94.0,87.0,94.0,99.0,105.0,106.0,113.0,108.0,106.0,112.0,113.0,113.0,107.0,110.0,102.0
0.0,0.0,0.0,0.0,0.0,0.0,0.0,0.0,0.0,0.0,0.0,0.0,0.0,0.0,0.0,0.0,0.0,0.0,0.0,0.0,0.0,0.0,0.0,0.0,0.0,0.0,0.0,0.0,0.0,0.0,0.0,0.0,0.0,0.0,0.0,0.0,0.0,0.0,0.0,0.0,0.0,0.0,0.0,0.0,0.0,0.0,0.0,1.0,2.0,2.0,2.0,2.0,2.0,3.0,3.0,5.0,5.0,5.0,5.0,4.0,9.0,10.0,13.0,13.0,18.0,18.0,18.0,18.0,19.0,23.0,23.0,26.0,33.0,39.0,44.0,53.0,66.0,68.0,86.0,92.0,92.0,104.0,117.0,121.0,133.0,137.0,138.0,137.0,145.0,138.0,150.0,154.0,155.0,161.0,163.0,163.0,164.0,169.0,164.0,164.0,166.0,162.0,163.0
0.0,0.0,0.0,0.0,0.0,0.0,0.0,0.0,0.0,0.0,0.0,0.0,0.0,0.0,0.0,0.0,0.0,0.0,0.0,0.0,0.0,0.0,0.0,0.0,0.0,0.0,0.0,0.0,0.0,0.0,0.0,0.0,0.0,0.0,0.0,0.0,0.0,0.0,0.0,0.0,0.0,0.0,0.0,1.0,1.0,2.0,2.0,2.0,2.0,3.0,4.0,3.0,4.0,4.0,4.0,4.0,6.0,5.0,6.0,5.0,5.0,5.0,5.0,7.0,8.0,9.0,11.0,10.0,17.0,19.0,24.0,32.0,40.0,43.0,53.0,56.0,58.0,66.0,63.0,77.0,91.0,109.0,122.0,135.0,142.0,132.0,142.0,138.0,153.0,153.0,156.0,155.0,176.0,180.0,188.0,194.0,188.0,179.0,182.0,190.0,197.0,197.0,199.0
0.0,0.0,0.0,0.0,0.0,0.0,0.0,0.0,0.0,0.0,0.0,0.0,0.0,0.0,0.0,0.0,0.0,0.0,0.0,0.0,0.0,0.0,0.0,0.0,0.0,0.0,0.0,0.0,0.0,0.0,0.0,0.0,0.0,0.0,0.0,0.0,0.0,0.0,0.0,0.0,0.0,0.0,0.0,0.0,0.0,0.0,0.0,0.0,0.0,0.0,0.0,0.0,0.0,0.0,1.0,2.0,2.0,3.0,3.0,5.0,5.0,5.0,5.0,5.0,5.0,6.0,7.0,6.0,6.0,7.0,9.0,12.0,15.0,17.0,18.0,13.0,18.0,21.0,26.0,35.0,39.0,43.0,46.0,47.0,46.0,50.0,53.0,57.0,61.0,60.0,56.0,64.0,69.0,69.0,66.0,65.0,60.0,63.0,60.0,60.0,61.0,62.0,61.0
0.0,0.0,0.0,0.0,0.0,0.0,0.0,0.0,0.0,0.0,0.0,0.0,0.0,0.0,0.0,1.0,1.0,1.0,1.0,1.0,1.0,1.0,1.0,1.0,1.0,1.0,2.0,1.0,2.0,2.0,2.0,2.0,1.0,1.0,1.0,1.0,1.0,3.0,1.0,3.0,2.0,2.0,3.0,3.0,2.0,2.0,2.0,3.0,4.0,4.0,4.0,4.0,6.0,9.0,10.0,9.0,12.0,15.0,16.0,18.0,21.0,27.0,28.0,36.0,37.0,40.0,47.0,54.0,56.0,59.0,71.0,83.0,96.0,106.0,124.0,128.0,154.0,174.0,195.0,214.0,249.0,282.0,293.0,315.0,342.0,357.0,387.0,403.0,409.0,410.0,413.0,427.0,404.0,416.0,430.0,426.0,437.0,433.0,417.0,416.0,416.0,408.0,394.0
0.0,0.0,0.0,0.0,0.0,0.0,0.0,0.0,0.0,0.0,0.0,0.0,0.0,0.0,0.0,0.0,0.0,0.0,0.0,0.0,0.0,0.0,0.0,0.0,0.0,0.0,0.0,0.0,0.0,0.0,0.0,0.0,0.0,0.0,1.0,1.0,1.0,1.0,1.0,2.0,3.0,2.0,1.0,2.0,2.0,2.0,2.0,1.0,1.0,2.0,1.0,2.0,2.0,3.0,2.0,1.0,2.0,3.0,3.0,5.0,6.0,8.0,9.0,8.0,10.0,11.0,13.0,16.0,14.0,18.0,22.0,26.0,30.0,35.0,37.0,43.0,53.0,52.0,65.0,68.0,74.0,82.0,84.0,87.0,103.0,111.0,113.0,117.0,125.0,120.0,122.0,127.0,127.0,134.0,135.0,136.0,134.0,135.0,138.0,147.0,142.0,138.0,133.0
0.0,0.0,0.0,0.0,0.0,0.0,0.0,0.0,0.0,0.0,0.0,0.0,0.0,0.0,0.0,0.0,0.0,0.0,0.0,0.0,0.0,0.0,0.0,0.0,0.0,0.0,0.0,0.0,0.0,0.0,0.0,0.0,0.0,0.0,0.0,0.0,0.0,0.0,0.0,0.0,0.0,0.0,0.0,0.0,0.0,0.0,0.0,0.0,1.0,1.0,1.0,1.0,1.0,1.0,1.0,1.0,1.0,2.0,2.0,2.0,2.0,3.0,2.0,2.0,3.0,3.0,3.0,3.0,3.0,5.0,7.0,10.0,11.0,16.0,17.0,21.0,22.0,26.0,27.0,32.0,38.0,40.0,39.0,44.0,45.0,52.0,52.0,62.0,64.0,72.0,78.0,77.0,65.0,70.0,72.0,69.0,70.0,69.0,69.0,70.0,70.0,68.0,70.0
0.0,0.0,0.0,0.0,0.0,0.0,0.0,0.0,0.0,0.0,0.0,0.0,0.0,0.0,0.0,0.0,0.0,0.0,0.0,0.0,0.0,0.0,0.0,0.0,0.0,0.0,0.0,0.0,0.0,0.0,0.0,0.0,0.0,0.0,0.0,0.0,0.0,0.0,2.0,1.0,1.0,2.0,2.0,3.0,5.0,5.0,5.0,8.0,10.0,8.0,8.0,10.0,13.0,16.0,20.0,21.0,19.0,21.0,23.0,28.0,27.0,34.0,40.0,46.0,54.0,51.0,62.0,75.0,79.0,89.0,95.0,102.0,118.0,130.0,161.0,169.0,188.0,211.0,233.0,255.0,278.0,297.0,329.0,343.0,364.0,376.0,394.0,405.0,423.0,432.0,440.0,444.0,463.0,465.0,444.0,451.0,461.0,453.0,432.0,444.0,439.0,442.0,433.0
0.0,0.0,0.0,0.0,0.0,0.0,0.0,0.0,0.0,0.0,0.0,0.0,0.0,0.0,0.0,0.0,0.0,0.0,0.0,0.0,0.0,0.0,0.0,0.0,0.0,0.0,0.0,1.0,1.0,1.0,1.0,1.0,1.0,2.0,2.0,2.0,2.0,2.0,1.0,2.0,2.0,2.0,4.0,5.0,6.0,3.0,2.0,3.0,5.0,8.0,10.0,5.0,7.0,7.0,12.0,12.0,11.0,17.0,19.0,26.0,34.0,33.0,43.0,45.0,49.0,52.0,50.0,68.0,70.0,80.0,91.0,101.0,120.0,138.0,155.0,177.0,192.0,220.0,226.0,243.0,269.0,302.0,335.0,339.0,332.0,364.0,376.0,407.0,420.0,417.0,429.0,427.0,435.0,444.0,453.0,454.0,455.0,464.0,455.0,452.0,457.0,452.0,448.0
0.0,0.0,0.0,0.0,0.0,0.0,0.0,0.0,0.0,0.0,0.0,0.0,0.0,0.0,0.0,0.0,0.0,0.0,0.0,0.0,0.0,0.0,0.0,0.0,0.0,0.0,0.0,0.0,0.0,0.0,0.0,0.0,0.0,0.0,0.0,0.0,1.0,1.0,1.0,1.0,1.0,1.0,1.0,1.0,1.0,1.0,2.0,2.0,4.0,4.0,5.0,5.0,6.0,5.0,4.0,5.0,5.0,8.0,10.0,15.0,13.0,17.0,21.0,19.0,19.0,21.0,26.0,30.0,33.0,44.0,56.0,64.0,71.0,80.0,78.0,99.0,109.0,121.0,134.0,149.0,171.0,196.0,200.0,221.0,224.0,234.0,254.0,254.0,247.0,261.0,283.0,278.0,284.0,292.0,288.0,297.0,293.0,295.0,291.0,283.0,289.0,290.0,290.0
0.0,0.0,0.0,0.0,0.0,0.0,0.0,0.0,0.0,0.0,0.0,0.0,0.0,0.0,0.0,0.0,0.0,0.0,0.0,0.0,0.0,0.0,0.0,0.0,0.0,0.0,0.0,0.0,1.0,0.0,0.0,0.0,0.0,0.0,0.0,0.0,0.0,0.0,0.0,0.0,0.0,0.0,0.0,0.0,0.0,0.0,0.0,0.0,0.0,0.0,0.0,0.0,0.0,0.0,0.0,0.0,0.0,0.0,0.0,0.0,0.0,0.0,0.0,0.0,0.0,0.0,0.0,0.0,0.0,0.0,0.0,0.0,0.0,0.0,0.0,0.0,0.0,0.0,0.0,0.0,0.0,0.0,0.0,0.0,0.0,0.0,0.0,0.0,0.0,0.0,0.0,0.0,0.0,0.0,0.0,0.0,0.0,0.0,0.0,0.0,0.0,0.0,0.0
0.0,0.0,0.0,0.0,0.0,0.0,0.0,0.0,0.0,0.0,0.0,0.0,0.0,0.0,0.0,0.0,0.0,0.0,0.0,0.0,0.0,0.0,0.0,0.0,0.0,0.0,0.0,1.0,0.0,0.0,0.0,0.0,0.0,0.0,0.0,0.0,0.0,1.0,1.0,1.0,1.0,1.0,1.0,1.0,2.0,3.0,2.0,2.0,1.0,1.0,2.0,2.0,2.0,2.0,2.0,1.0,2.0,4.0,5.0,6.0,7.0,7.0,10.0,12.0,15.0,15.0,15.0,15.0,16.0,17.0,21.0,24.0,34.0,39.0,39.0,45.0,51.0,53.0,56.0,65.0,71.0,76.0,97.0,101.0,112.0,124.0,138.0,150.0,161.0,159.0,162.0,180.0,181.0,176.0,178.0,182.0,184.0,181.0,180.0,176.0,174.0,170.0,162.0
0.0,0.0,0.0,0.0,0.0,0.0,0.0,0.0,0.0,0.0,0.0,0.0,0.0,0.0,0.0,0.0,0.0,0.0,0.0,0.0,0.0,0.0,1.0,1.0,1.0,1.0,1.0,2.0,2.0,2.0,3.0,5.0,5.0,5.0,5.0,4.0,4.0,4.0,4.0,4.0,5.0,6.0,5.0,5.0,5.0,6.0,6.0,7.0,8.0,9.0,12.0,16.0,16.0,16.0,15.0,16.0,16.0,22.0,32.0,33.0,40.0,48.0,52.0,55.0,63.0,64.0,84.0,95.0,105.0,119.0,139.0,167.0,163.0,168.0,180.0,196.0,241.0,271.0,269.0,285.0,305.0,330.0,342.0,372.0,397.0,422.0,426.0,431.0,447.0,465.0,478.0,483.0,490.0,482.0,481.0,480.0,491.0,478.0,470.0,468.0,467.0,461.0,455.0
0.0,0.0,0.0,0.0,0.0,0.0,0.0,0.0,0.0,0.0,0.0,0.0,0.0,0.0,0.0,0.0,0.0,0.0,0.0,0.0,0.0,0.0,0.0,0.0,0.0,0.0,0.0,0.0,0.0,0.0,0.0,0.0,0.0,0.0,0.0,0.0,0.0,0.0,0.0,0.0,0.0,0.0,0.0,0.0,0.0,0.0,0.0,0.0,1.0,1.0,2.0,1.0,1.0,1.0,2.0,1.0,2.0,3.0,5.0,6.0,9.0,11.0,13.0,14.0,17.0,24.0,22.0,23.0,26.0,27.0,30.0,34.0,40.0,45.0,54.0,58.0,72.0,82.0,92.0,96.0,109.0,121.0,120.0,132.0,152.0,155.0,165.0,181.0,197.0,197.0,200.0,213.0,218.0,224.0,224.0,214.0,205.0,213.0,209.0,212.0,205.0,209.0,202.0
0.0,0.0,0.0,0.0,0.0,0.0,0.0,0.0,0.0,0.0,0.0,0.0,0.0,0.0,0.0,0.0,0.0,0.0,0.0,0.0,0.0,0.0,0.0,0.0,0.0,0.0,0.0,0.0,0.0,0.0,0.0,0.0,0.0,0.0,0.0,0.0,0.0,0.0,0.0,0.0,0.0,0.0,0.0,0.0,0.0,0.0,0.0,0.0,0.0,0.0,2.0,2.0,2.0,1.0,1.0,2.0,3.0,2.0,3.0,3.0,2.0,3.0,3.0,5.0,7.0,7.0,10.0,14.0,12.0,15.0,13.0,16.0,15.0,20.0,22.0,25.0,31.0,36.0,35.0,42.0,48.0,55.0,56.0,66.0,77.0,81.0,79.0,78.0,82.0,91.0,91.0,97.0,91.0,90.0,100.0,101.0,92.0,89.0,91.0,91.0,87.0,83.0,83.0
0.0,0.0,0.0,0.0,0.0,0.0,0.0,0.0,0.0,0.0,0.0,1.0,1.0,1.0,1.0,0.0,0.0,0.0,0.0,0.0,0.0,0.0,0.0,0.0,0.0,0.0,0.0,0.0,0.0,0.0,0.0,0.0,0.0,0.0,1.0,0.0,0.0,0.0,0.0,0.0,0.0,0.0,0.0,0.0,0.0,0.0,0.0,0.0,0.0,0.0,0.0,0.0,1.0,1.0,2.0,1.0,1.0,4.0,2.0,4.0,6.0,10.0,9.0,12.0,16.0,15.0,17.0,15.0,15.0,18.0,20.0,22.0,28.0,28.0,37.0,33.0,42.0,46.0,54.0,60.0,73.0,87.0,95.0,95.0,99.0,109.0,109.0,111.0,126.0,148.0,150.0,149.0,153.0,158.0,161.0,164.0,163.0,160.0,160.0,160.0,162.0,159.0,160.0
0.0,0.0,0.0,0.0,0.0,0.0,0.0,0.0,0.0,0.0,0.0,0.0,0.0,0.0,0.0,0.0,0.0,0.0,0.0,0.0,0.0,0.0,0.0,0.0,0.0,0.0,0.0,0.0,0.0,0.0,0.0,0.0,0.0,0.0,0.0,0.0,1.0,1.0,1.0,0.0,0.0,0.0,0.0,1.0,1.0,1.0,1.0,1.0,1.0,1.0,1.0,1.0,1.0,1.0,1.0,1.0,1.0,2.0,2.0,2.0,3.0,3.0,3.0,2.0,3.0,6.0,6.0,7.0,9.0,10.0,12.0,11.0,10.0,12.0,11.0,11.0,13.0,21.0,22.0,24.0,33.0,40.0,48.0,54.0,52.0,55.0,60.0,64.0,63.0,64.0,65.0,74.0,73.0,79.0,79.0,81.0,76.0,78.0,81.0,81.0,80.0,80.0,85.0
0.0,0.0,0.0,0.0,0.0,0.0,0.0,0.0,0.0,0.0,0.0,0.0,0.0,1.0,1.0,1.0,1.0,1.0,1.0,1.0,1.0,1.0,1.0,1.0,1.0,0.0,0.0,0.0,1.0,1.0,1.0,1.0,1.0,1.0,0.0,0.0,0.0,0.0,2.0,2.0,2.0,2.0,2.0,2.0,2.0,2.0,2.0,2.0,2.0,2.0,2.0,2.0,2.0,2.0,3.0,3.0,3.0,4.0,5.0,6.0,7.0,7.0,9.0,12.0,13.0,11.0,10.0,12.0,13.0,19.0,21.0,25.0,26.0,25.0,29.0,29.0,34.0,44.0,53.0,60.0,65.0,73.0,83.0,88.0,90.0,98.0,104.0,110.0,112.0,121.0,123.0,118.0,115.0,119.0,121.0,132.0,130.0,132.0,127.0,125.0,121.0,124.0,121.0
0.0,0.0,0.0,0.0,0.0,0.0,0.0,0.0,0.0,0.0,0.0,0.0,0.0,0.0,0.0,0.0,0.0,0.0,0.0,0.0,0.0,0.0,0.0,0.0,0.0,0.0,0.0,0.0,0.0,0.0,0.0,0.0,0.0,0.0,0.0,0.0,0.0,0.0,0.0,0.0,1.0,1.0,1.0,0.0,1.0,0.0,0.0,2.0,2.0,2.0,4.0,4.0,3.0,5.0,6.0,7.0,7.0,7.0,6.0,9.0,11.0,13.0,15.0,18.0,19.0,20.0,17.0,17.0,23.0,25.0,27.0,30.0,38.0,41.0,49.0,46.0,63.0,66.0,71.0,83.0,97.0,102.0,107.0,108.0,120.0,133.0,137.0,141.0,136.0,145.0,166.0,174.0,173.0,183.0,187.0,178.0,171.0,173.0,169.0,168.0,170.0,172.0,175.0
0.0,0.0,0.0,0.0,0.0,0.0,0.0,0.0,0.0,0.0,0.0,0.0,0.0,0.0,0.0,0.0,0.0,0.0,0.0,0.0,0.0,0.0,0.0,0.0,0.0,0.0,0.0,0.0,0.0,0.0,0.0,0.0,0.0,0.0,0.0,0.0,0.0,0.0,0.0,0.0,0.0,0.0,0.0,0.0,0.0,0.0,0.0,0.0,0.0,2.0,2.0,1.0,0.0,1.0,2.0,1.0,2.0,3.0,3.0,2.0,5.0,5.0,5.0,6.0,5.0,7.0,8.0,7.0,11.0,17.0,22.0,26.0,28.0,35.0,45.0,42.0,52.0,62.0,64.0,65.0,72.0,81.0,89.0,94.0,98.0,106.0,120.0,126.0,124.0,120.0,125.0,143.0,151.0,156.0,155.0,156.0,153.0,149.0,147.0,147.0,149.0,151.0,155.0
0.0,0.0,0.0,0.0,0.0,0.0,0.0,0.0,0.0,0.0,0.0,0.0,0.0,0.0,0.0,0.0,0.0,0.0,0.0,0.0,0.0,0.0,0.0,0.0,0.0,0.0,0.0,0.0,0.0,0.0,1.0,1.0,1.0,1.0,2.0,2.0,2.0,1.0,2.0,1.0,1.0,2.0,2.0,1.0,2.0,3.0,4.0,5.0,3.0,3.0,4.0,6.0,8.0,9.0,7.0,11.0,11.0,10.0,16.0,24.0,22.0,26.0,33.0,36.0,40.0,41.0,46.0,50.0,58.0,67.0,68.0,76.0,83.0,93.0,100.0,123.0,133.0,149.0,161.0,165.0,176.0,186.0,198.0,214.0,221.0,223.0,234.0,259.0,269.0,274.0,298.0,309.0,315.0,322.0,334.0,324.0,311.0,318.0,320.0,322.0,320.0,320.0,301.0
0.0,0.0,0.0,0.0,0.0,0.0,0.0,0.0,0.0,0.0,0.0,0.0,0.0,0.0,0.0,0.0,0.0,0.0,0.0,0.0,0.0,0.0,0.0,0.0,0.0,0.0,0.0,0.0,0.0,0.0,0.0,0.0,0.0,0.0,0.0,0.0,0.0,0.0,0.0,0.0,0.0,0.0,1.0,1.0,1.0,1.0,1.0,1.0,1.0,1.0,1.0,1.0,0.0,1.0,2.0,2.0,2.0,4.0,5.0,7.0,9.0,10.0,9.0,13.0,16.0,15.0,18.0,21.0,25.0,35.0,35.0,42.0,50.0,58.0,62.0,65.0,77.0,87.0,91.0,100.0,111.0,122.0,139.0,150.0,159.0,167.0,176.0,180.0,174.0,176.0,171.0,172.0,171.0,177.0,176.0,182.0,189.0,188.0,183.0,181.0,183.0,187.0,193.0
