0.0,0.0,0.0,0.0,0.0,0.0,1.0,1.0,1.0,1.0,1.0,2.0,2.0,2.0,2.0,5.0,7.0,8.0,12.0,17.0,20.0,29.0,33.0,38.0,42.0,48.0,58.0,62.0,68.0,83.0,98.0,119.0,152.0,170.0,195.0,219.0,235.0,270.0,311.0,352.0,419.0,462.0,519.0,583.0,672.0,753.0,852.0,973.0,1101.0,1286.0,1472.0,1713.0,2008.0,2302.0,2623.0,2997.0,3439.0,3916.0,4467.0,5192.0,5932.0,6692.0,7471.0,8146.0,8765.0,9256.0,9711.0,10026.0,10322.0,10427.0,10518.0,10566.0,10594.0,10479.0,10380.0,10210.0,10023.0,9747.0,9557.0,9362.0,9146.0,8824.0,8612.0,8284.0,7955.0,7648.0,7355.0,7066.0,6810.0
0.0,0.0,0.0,0.0,0.0,0.0,1.0,2.0,5.0,5.0,5.0,7.0,13.0,17.0,21.0,23.0,29.0,37.0,45.0,59.0,71.0,74.0,82.0,91.0,109.0,126.0,142.0,156.0,178.0,206.0,247.0,293.0,359.0,422.0,488.0,558.0,650.0,752.0,886.0,1048.0,1221.0,1397.0,1582.0,1803.0,2090.0,2336.0,2651.0,3062.0,3493.0,3941.0,4557.0,5239.0,6034.0,6958.0,7953.0,9042.0,10340.0,11710.0,13316.0,15124.0,17308.0,19332.0,21391.0,23152.0,24736.0,25883.0,26847.0,27381.0,27858.0,28031.0,28194.0,28129.0,27923.0,27524.0,27121.0,26618.0,25992.0,25292.0,24558.0,23768.0,23002.0,22229.0,21442.0,20612.0,19739.0,18928.0,18122.0,17396.0,16616.0
0.0,0.0,0.0,1.0,2.0,2.0,3.0,5.0,5.0,5.0,5.0,5.0,5.0,5.0,5.0,5.0,5.0,5.0,4.0,6.0,6.0,6.0,5.0,4.0,5.0,7.0,8.0,12.0,13.0,14.0,19.0,26.0,29.0,29.0,38.0,45.0,58.0,65.0,73.0,93.0,107.0,120.0,150.0,175.0,216.0,230.0,275.0,306.0,365.0,426.0,514.0,584.0,647.0,744.0,857.0,957.0,1088.0,1224.0,1392.0,1635.0,1872.0,2103.0,2343.0,2551.0,2737.0,2930.0,3095.0,3182.0,3285.0,3327.0,3341.0,3381.0,3368.0,3368.0,3313.0,3267.0,3201.0,3135.0,3060.0,3011.0,2922.0,2831.0,2745.0,2675.0,2592.0,2467.0,2387.0,2297.0,2202.0
0.0,0.0,0.0,0.0,0.0,0.0,0.0,2.0,3.0,3.0,2.0,2.0,2.0,6.0,9.0,9.0,13.0,16.0,18.0,26.0,29.0,41.0,57.0,74.0,83.0,104.0,118.0,147.0,170.0,205.0,231.0,274.0,309.0,358.0,413.0,518.0,620.0,739.0,841.0,990.0,1176.0,1331.0,1531.0,1782.0,2087.0,2419.0,2820.0,3233.0,3706.0,4254.0,4891.0,5593.0,6395.0,7367.0,8450.0,9598.0,10924.0,12400.0,14074.0,15920.0,18033.0,20210.0,22372.0,24321.0,25856.0,27069.0,28132.0,28711.0,29159.0,29409.0,29432.0,29364.0,29125.0,28663.0,28171.0,27440.0,26786.0,26066.0,25403.0,24548.0,23736.0,22842.0,22029.0,21139.0,20306.0,19490.0,18660.0,17880.0,17116.0
0.0,0.0,0.0,0.0,0.0,2.0,2.0,3.0,3.0,4.0,3.0,4.0,3.0,3.0,3.0,6.0,7.0,7.0,9.0,11.0,10.0,12.0,15.0,15.0,19.0,20.0,22.0,25.0,28.0,30.0,36.0,42.0,50.0,65.0,69.0,81.0,104.0,122.0,141.0,161.0,174.0,211.0,229.0,260.0,312.0,354.0,411.0,461.0,521.0,618.0,679.0,801.0,921.0,1082.0,1280.0,1481.0,1722.0,1940.0,2289.0,2663.0,3019.0,3420.0,3850.0,4271.0,4566.0,4816.0,5052.0,5261.0,5379.0,5446.0,5509.0,5571.0,5611.0,5567.0,5473.0,5410.0,5324.0,5236.0,5118.0,5015.0,4845.0,4690.0,4539.0,4387.0,4202.0,4047.0,3918.0,3791.0,3648.0
0.0,0.0,0.0,0.0,1.0,2.0,2.0,3.0,4.0,6.0,7.0,9.0,10.0,9.0,12.0,14.0,15.0,16.0,18.0,20.0,25.0,26.0,27.0,31.0,33.0,36.0,40.0,45.0,48.0,57.0,63.0,70.0,76.0,82.0,84.0,82.0,98.0,113.0,120.0,136.0,159.0,158.0,178.0,211.0,232.0,274.0,311.0,351.0,405.0,476.0,561.0,624.0,705.0,811.0,932.0,1103.0,1272.0,1462.0,1688.0,1952.0,2291.0,2613.0,2887.0,3169.0,3381.0,3562.0,3737.0,3895.0,3952.0,4016.0,4061.0,4092.0,4075.0,4048.0,3982.0,3926.0,3888.0,3819.0,3675.0,3570.0,3495.0,3382.0,3271.0,3159.0,3072.0,2971.0,2855.0,2751.0,2657.0
0.0,0.0,0.0,0.0,0.0,0.0,0.0,2.0,3.0,5.0,5.0,8.0,11.0,12.0,16.0,18.0,21.0,29.0,38.0,42.0,53.0,60.0,73.0,83.0,97.0,124.0,135.0,152.0,161.0,179.0,206.0,237.0,292.0,323.0,389.0,459.0,546.0,628.0,745.0,868.0,1009.0,1181.0,1364.0,1600.0,1851.0,2119.0,2507.0,2894.0,3319.0,3816.0,4416.0,5167.0,5957.0,6781.0,7812.0,9022.0,10360.0,11814.0,13417.0,15237.0,17200.0,19300.0,21305.0,23001.0,24576.0,25672.0,26593.0,27330.0,27914.0,28191.0,28278.0,28230.0,28014.0,27576.0,27032.0,26421.0,25736.0,25095.0,24382.0,23598.0,22789.0,22031.0,21242.0,20461.0,19724.0,18895.0,18075.0,17365.0,16697.0
0.0,0.0,1.0,0.0,1.0,1.0,1.0,2.0,3.0,3.0,6.0,5.0,6.0,6.0,7.0,7.0,10.0,10.0,11.0,16.0,19.0,23.0,29.0,34.0,37.0,47.0,50.0,56.0,68.0,85.0,93.0,108.0,128.0,146.0,163.0,171.0,195.0,234.0,264.0,294.0,334.0,361.0,434.0,498.0,578.0,659.0,762.0,866.0,992.0,1152.0,1330.0,1528.0,1800.0,2087.0,2385.0,2706.0,3101.0,3548.0,4064.0,4719.0,5378.0,6110.0,6758.0,7372.0,7955.0,8498.0,8943.0,9272.0,9501.0,9584.0,9646.0,9647.0,9621.0,9504.0,9402.0,9269.0,9049.0,8813.0,8589.0,8329.0,8087.0,7813.0,7557.0,7258.0,7033.0,6727.0,6471.0,6207.0,5938.0
0.0,0.0,0.0,0.0,0.0,1.0,1.0,3.0,5.0,7.0,8.0,10.0,9.0,8.0,11.0,13.0,15.0,18.0,17.0,21.0,25.0,25.0,29.0,35.0,40.0,48.0,54.0,61.0,67.0,66.0,75.0,89.0,111.0,135.0,165.0,202.0,227.0,254.0,303.0,336.0,376.0,422.0,496.0,585.0,692.0,824.0,966.0,1120.0,1278.0,1457.0,1711.0,1973.0,2320.0,2676.0,3037.0,3484.0,3986.0,4520.0,5172.0,5943.0,6784.0,7741.0,8612.0,9363.0,10083.0,10587.0,11004.0,11364.0,11694.0,11893.0,11937.0,11969.0,11868.0,11808.0,11705.0,11511.0,11265.0,11061.0,10743.0,10370.0,10050.0,9723.0,9395.0,9081.0,8754.0,8464.0,8144.0,7821.0,7535.0
0.0,0.0,0.0,0.0,0.0,1.0,3.0,4.0,5.0,7.0,7.0,10.0,10.0,12.0,15.0,18.0,21.0,24.0,30.0,33.0,35.0,38.0,48.0,50.0,61.0,72.0,86.0,97.0,111.0,128.0,141.0,160.0,178.0,211.0,258.0,301.0,347.0,409.0,483.0,570.0,660.0,751.0,853.0,1000.0,1126.0,1303.0,1496.0,1737.0,1968.0,2252.0,2567.0,2969.0,3417.0,3925.0,4557.0,5279.0,6027.0,6964.0,7913.0,9008.0,10209.0,11381.0,12619.0,13736.0,14639.0,15428.0,16104.0,16657.0,16995.0,17211.0,17344.0,17290.0,17161.0,16939.0,16724.0,16410.0,15985.0,15608.0,15202.0,14677.0,14284.0,13775.0,13263.0,12849.0,12357.0,11838.0,11422.0,10936.0,10531.0
0.0,0.0,0.0,0.0,0.0,0.0,2.0,1.0,1.0,1.0,4.0,5.0,8.0,10.0,10.0,16.0,18.0,20.0,28.0,30.0,39.0,40.0,39.0,43.0,46.0,52.0,59.0,70.0,69.0,74.0,89.0,95.0,107.0,125.0,150.0,170.0,193.0,221.0,245.0,278.0,333.0,387.0,425.0,478.0,553.0,639.0,763.0,913.0,1051.0,1227.0,1414.0,1631.0,1906.0,2157.0,2456.0,2788.0,3195.0,3674.0,4253.0,4909.0,5611.0,6405.0,7029.0,7626.0,8161.0,8613.0,9007.0,9283.0,9469.0,9611.0,9782.0,9814.0,9798.0,9685.0,9629.0,9482.0,9304.0,9134.0,8940.0,8700.0,8430.0,8178.0,7899.0,7646.0,7388.0,7109.0,6895.0,6632.0,6394.0
0.0,0.0,0.0,0.0,1.0,1.0,1.0,2.0,2.0,3.0,4.0,8.0,7.0,9.0,11.0,14.0,16.0,16.0,16.0,18.0,19.0,22.0,26.0,26.0,33.0,39.0,44.0,51.0,55.0,70.0,85.0,94.0,97.0,109.0,131.0,155.0,174.0,204.0,239.0,268.0,311.0,366.0,412.0,503.0,569.0,650.0,757.0,878.0,1009.0,1173.0,1367.0,1559.0,1777.0,2064.0,2387.0,2692.0,3156.0,3593.0,4116.0,4732.0,5475.0,6169.0,6808.0,7421.0,8007.0,8500.0,8890.0,9184.0,9440.0,9590.0,9652.0,9685.0,9659.0,9611.0,9495.0,9299.0,9131.0,8965.0,8793.0,8558.0,8325.0,8101.0,7836.0,7599.0,7324.0,7086.0,6838.0,6608.0,6339.0
0.0,0.0,0.0,0.0,0.0,0.0,1.0,3.0,5.0,5.0,6.0,6.0,6.0,7.0,9.0,9.0,10.0,10.0,11.0,11.0,11.0,13.0,13.0,12.0,14.0,14.0,17.0,18.0,22.0,25.0,27.0,27.0,33.0,40.0,50.0,59.0,66.0,80.0,96.0,103.0,123.0,145.0,165.0,195.0,234.0,268.0,310.0,361.0,412.0,478.0,560.0,659.0,765.0,894.0,1050.0,1223.0,1424.0,1648.0,1913.0,2223.0,2563.0,2901.0,3229.0,3526.0,3799.0,4005.0,4193.0,4354.0,4479.0,4517.0,4549.0,4576.0,4569.0,4544.0,4484.0,4402.0,4313.0,4266.0,4188.0,4077.0,3967.0,3882.0,3760.0,3626.0,3515.0,3403.0,3282.0,3166.0,3052.0
0.0,0.0,0.0,0.0,0.0,0.0,2.0,4.0,4.0,5.0,5.0,7.0,9.0,12.0,15.0,17.0,22.0,29.0,35.0,45.0,53.0,57.0,66.0,78.0,80.0,99.0,110.0,126.0,162.0,180.0,202.0,234.0,294.0,327.0,391.0,441.0,529.0,608.0,702.0,816.0,950.0,1132.0,1329.0,1527.0,1793.0,2089.0,2437.0,2823.0,3238.0,3722.0,4253.0,4907.0,5586.0,6333.0,7259.0,8291.0,9422.0,10783.0,12337.0,13973.0,15868.0,17707.0,19495.0,21167.0,22561.0,23735.0,24533.0,25185.0,25580.0,25881.0,25925.0,25762.0,25539.0,25176.0,24790.0,24289.0,23730.0,23097.0,22421.0,21711.0,20960.0,20242.0,19555.0,18773.0,18038.0,17270.0,16569.0,15933.0,15254.0
0.0,0.0,0.0,0.0,0.0,0.0,0.0,0.0,2.0,3.0,5.0,5.0,4.0,8.0,10.0,15.0,19.0,17.0,22.0,23.0,26.0,30.0,33.0,36.0,44.0,47.0,46.0,51.0,55.0,55.0,70.0,86.0,98.0,101.0,110.0,134.0,157.0,181.0,218.0,256.0,278.0,321.0,382.0,455.0,548.0,636.0,737.0,863.0,998.0,1145.0,1315.0,1530.0,1761.0,2008.0,2280.0,2612.0,3059.0,3527.0,4037.0,4592.0,5333.0,5988.0,6661.0,7239.0,7823.0,8237.0,8605.0,8915.0,9196.0,9358.0,9471.0,9512.0,9486.0,9423.0,9318.0,9220.0,9037.0,8880.0,8703.0,8478.0,8231.0,8033.0,7821.0,7537.0,7265.0,6994.0,6720.0,6482.0,6229.0
0.0,0.0,0.0,0.0,2.0,2.0,2.0,3.0,4.0,5.0,6.0,12.0,16.0,20.0,20.0,24.0,31.0,39.0,45.0,62.0,69.0,76.0,91.0,115.0,150.0,172.0,204.0,233.0,273.0,318.0,371.0,417.0,486.0,583.0,693.0,808.0,933.0,1075.0,1248.0,1491.0,1741.0,2062.0,2383.0,2746.0,3143.0,3581.0,4118.0,4743.0,5492.0,6327.0,7188.0,8190.0,9342.0,10765.0,12280.0,14025.0,15873.0,18028.0,20343.0,22966.0,25782.0,28665.0,31333.0,33629.0,35521.0,37023.0,38127.0,38812.0,39363.0,39575.0,39441.0,39106.0,38611.0,38011.0,37237.0,36295.0,35307.0,34169.0,33028.0,31961.0,30835.0,29674.0,28527.0,27376.0,26216.0,25117.0,24104.0,23032.0,21971.0
0.0,0.0,0.0,0.0,0.0,1.0,1.0,2.0,3.0,5.0,6.0,7.0,8.0,12.0,12.0,13.0,13.0,16.0,23.0,27.0,31.0,41.0,48.0,63.0,68.0,82.0,93.0,99.0,104.0,125.0,135.0,155.0,183.0,221.0,260.0,289.0,327.0,373.0,423.0,500.0,556.0,690.0,825.0,950.0,1100.0,1252.0,1433.0,1662.0,1930.0,2243.0,2578.0,3011.0,3388.0,3829.0,4364.0,5053.0,5778.0,6615.0,7558.0,8508.0,9733.0,10927.0,12158.0,13171.0,14043.0,14823.0,15449.0,15981.0,16401.0,16542.0,16589.0,16646.0,16538.0,16342.0,16202.0,15950.0,15626.0,15225.0,14867.0,14506.0,14062.0,13571.0,13157.0,12663.0,12226.0,11755.0,11264.0,10810.0,10401.0
0.0,0.0,0.0,0.0,0.0,1.0,4.0,4.0,5.0,5.0,6.0,7.0,7.0,9.0,8.0,9.0,10.0,15.0,18.0,22.0,25.0,26.0,30.0,33.0,39.0,38.0,46.0,54.0,66.0,77.0,93.0,113.0,128.0,144.0,160.0,187.0,223.0,250.0,300.0,331.0,382.0,446.0,518.0,620.0,727.0,824.0,931.0,1055.0,1236.0,1445.0,1690.0,1929.0,2206.0,2564.0,2952.0,3412.0,3940.0,4543.0,5208.0,5984.0,6820.0,7670.0,8520.0,9302.0,9970.0,10533.0,10987.0,11383.0,11625.0,11798.0,11917.0,11956.0,11908.0,11791.0,11673.0,11424.0,11226.0,10998.0,10700.0,10431.0,10134.0,9828.0,9484.0,9158.0,8864.0,8533.0,8215.0,7905.0,7575.0
0.0,0.0,0.0,0.0,0.0,1.0,3.0,6.0,7.0,9.0,10.0,15.0,14.0,16.0,18.0,24.0,25.0,22.0,23.0,29.0,34.0,37.0,38.0,46.0,55.0,56.0,68.0,74.0,90.0,106.0,121.0,133.0,161.0,184.0,207.0,240.0,278.0,333.0,390.0,455.0,501.0,569.0,677.0,794.0,923.0,1109.0,1283.0,1452.0,1677.0,1920.0,2234.0,2623.0,3006.0,3476.0,3976.0,4615.0,5293.0,6075.0,6977.0,7987.0,9064.0,10278.0,11366.0,12402.0,13453.0,14228.0,14858.0,15357.0,15734.0,15859.0,16005.0,16011.0,15958.0,15783.0,15540.0,15290.0,14931.0,14550.0,14129.0,13708.0,13277.0,12838.0,12407.0,11984.0,11560.0,11139.0,10676.0,10266.0,9834.0
0.0,0.0,0.0,0.0,0.0,0.0,1.0,3.0,3.0,4.0,7.0,6.0,7.0,7.0,11.0,15.0,18.0,18.0,21.0,27.0,32.0,35.0,40.0,52.0,65.0,75.0,72.0,94.0,109.0,123.0,144.0,172.0,193.0,229.0,254.0,288.0,333.0,383.0,438.0,511.0,584.0,656.0,756.0,874.0,1015.0,1206.0,1402.0,1614.0,1837.0,2120.0,2423.0,2796.0,3224.0,3703.0,4218.0,4838.0,5597.0,6389.0,7297.0,8368.0,9515.0,10749.0,11916.0,12925.0,13915.0,14720.0,15235.0,15731.0,16122.0,16297.0,16500.0,16478.0,16434.0,16266.0,16047.0,15737.0,15378.0,14994.0,14593.0,14176.0,13719.0,13301.0,12858.0,12398.0,11954.0,11461.0,10960.0,10564.0,10144.0
0.0,0.0,0.0,1.0,2.0,1.0,1.0,1.0,1.0,2.0,3.0,4.0,4.0,3.0,3.0,1.0,1.0,2.0,3.0,4.0,3.0,4.0,5.0,6.0,9.0,8.0,10.0,13.0,16.0,21.0,24.0,25.0,27.0,31.0,39.0,48.0,57.0,64.0,74.0,88.0,104.0,120.0,136.0,146.0,163.0,200.0,223.0,258.0,296.0,345.0,370.0,406.0,487.0,561.0,664.0,778.0,874.0,1003.0,1145.0,1299.0,1507.0,1726.0,1923.0,2103.0,2255.0,2333.0,2452.0,2532.0,2607.0,2644.0,2684.0,2709.0,2717.0,2711.0,2665.0,2642.0,2604.0,2554.0,2485.0,2413.0,2338.0,2267.0,2188.0,2115.0,2045.0,1973.0,1913.0,1834.0,1763.0
0.0,0.0,0.0,0.0,1.0,1.0,3.0,4.0,5.0,6.0,7.0,7.0,10.0,12.0,14.0,16.0,18.0,19.0,20.0,23.0,24.0,29.0,33.0,41.0,47.0,51.0,57.0,63.0,73.0,82.0,95.0,110.0,121.0,139.0,159.0,181.0,213.0,253.0,294.0,326.0,381.0,449.0,520.0,599.0,683.0,780.0,885.0,990.0,1155.0,1349.0,1528.0,1729.0,1991.0,2268.0,2599.0,3026.0,3478.0,3987.0,4549.0,5211.0,5961.0,6694.0,7495.0,8164.0,8756.0,9262.0,9638.0,9919.0,10166.0,10257.0,10387.0,10359.0,10370.0,10285.0,10194.0,10017.0,9831.0,9608.0,9349.0,9098.0,8820.0,8579.0,8223.0,7871.0,7593.0,7320.0,7063.0,6791.0,6526.0
0.0,0.0,0.0,0.0,1.0,1.0,1.0,2.0,4.0,7.0,8.0,9.0,9.0,9.0,10.0,14.0,17.0,20.0,24.0,25.0,28.0,38.0,43.0,45.0,54.0,60.0,64.0,76.0,83.0,86.0,107.0,129.0,156.0,191.0,225.0,263.0,310.0,359.0,410.0,477.0,549.0,630.0,721.0,837.0,963.0,1115.0,1293.0,1539.0,1745.0,2044.0,2343.0,2697.0,3102.0,3558.0,4096.0,4665.0,5283.0,6091.0,6998.0,8085.0,9325.0,10499.0,11584.0,12639.0,13591.0,14284.0,14927.0,15381.0,15705.0,15747.0,15844.0,15838.0,15683.0,15508.0,15249.0,14999.0,14644.0,14270.0,13807.0,13429.0,13023.0,12586.0,12156.0,11716.0,11244.0,10852.0,10494.0,10101.0,9692.0
0.0,0.0,0.0,0.0,0.0,1.0,2.0,3.0,2.0,2.0,3.0,4.0,4.0,5.0,6.0,7.0,5.0,6.0,9.0,13.0,17.0,22.0,25.0,27.0,32.0,45.0,55.0,66.0,81.0,89.0,106.0,132.0,159.0,173.0,202.0,225.0,265.0,312.0,361.0,425.0,486.0,572.0,659.0,764.0,847.0,983.0,1105.0,1281.0,1450.0,1666.0,1910.0,2201.0,2535.0,2935.0,3372.0,3869.0,4506.0,5153.0,5855.0,6713.0,7669.0,8665.0,9685.0,10582.0,11337.0,11932.0,12523.0,12913.0,13206.0,13424.0,13581.0,13625.0,13568.0,13397.0,13216.0,13013.0,12824.0,12567.0,12221.0,11867.0,11506.0,11145.0,10730.0,10366.0,9982.0,9606.0,9194.0,8803.0,8471.0
0.0,0.0,0.0,0.0,0.0,0.0,0.0,2.0,2.0,2.0,2.0,5.0,7.0,6.0,7.0,7.0,8.0,9.0,9.0,11.0,12.0,14.0,15.0,17.0,22.0,31.0,36.0,42.0,49.0,62.0,71.0,75.0,96.0,115.0,138.0,158.0,193.0,215.0,255.0,295.0,362.0,405.0,488.0,553.0,657.0,779.0,916.0,1047.0,1253.0,1427.0,1681.0,1966.0,2251.0,2599.0,3022.0,3512.0,4044.0,4648.0,5245.0,6050.0,6934.0,7817.0,8719.0,9586.0,10289.0,10937.0,11431.0,11764.0,12061.0,12242.0,12308.0,12318.0,12309.0,12280.0,12083.0,11905.0,11649.0,11415.0,11113.0,10839.0,10551.0,10231.0,9881.0,9541.0,9173.0,8851.0,8490.0,8209.0,7882.0
0.0,0.0,0.0,0.0,1.0,2.0,2.0,3.0,4.0,5.0,5.0,6.0,5.0,4.0,5.0,5.0,5.0,5.0,6.0,7.0,7.0,7.0,8.0,8.0,9.0,9.0,6.0,5.0,4.0,5.0,6.0,7.0,10.0,13.0,15.0,16.0,16.0,20.0,17.0,23.0,30.0,37.0,41.0,45.0,50.0,61.0,62.0,77.0,92.0,103.0,116.0,134.0,154.0,170.0,188.0,223.0,256.0,299.0,329.0,382.0,435.0,505.0,574.0,631.0,689.0,729.0,751.0,776.0,795.0,817.0,830.0,851.0,853.0,843.0,837.0,829.0,818.0,797.0,783.0,756.0,745.0,730.0,709.0,689.0,673.0,638.0,610.0,590.0,565.0
0.0,0.0,0.0,0.0,0.0,1.0,1.0,2.0,4.0,9.0,9.0,10.0,10.0,11.0,14.0,17.0,21.0,27.0,32.0,34.0,40.0,47.0,55.0,62.0,69.0,76.0,82.0,83.0,109.0,116.0,139.0,162.0,182.0,225.0,251.0,287.0,337.0,390.0,466.0,537.0,614.0,736.0,837.0,944.0,1082.0,1269.0,1444.0,1690.0,1974.0,2248.0,2568.0,2975.0,3440.0,3947.0,4520.0,5292.0,5987.0,6843.0,7867.0,8970.0,10215.0,11395.0,12664.0,13731.0,14737.0,15643.0,16386.0,16906.0,17313.0,17516.0,17658.0,17652.0,17600.0,17349.0,17132.0,16829.0,16546.0,16145.0,15691.0,15179.0,14708.0,14218.0,13775.0,13237.0,12714.0,12238.0,11804.0,11352.0,10925.0
0.0,0.0,0.0,0.0,0.0,2.0,3.0,5.0,6.0,9.0,10.0,11.0,12.0,14.0,14.0,17.0,18.0,21.0,26.0,30.0,37.0,41.0,39.0,48.0,50.0,62.0,73.0,96.0,100.0,125.0,142.0,172.0,190.0,212.0,249.0,282.0,315.0,361.0,424.0,478.0,545.0,626.0,746.0,857.0,1017.0,1181.0,1371.0,1590.0,1832.0,2116.0,2439.0,2832.0,3268.0,3751.0,4317.0,4991.0,5701.0,6546.0,7433.0,8515.0,9763.0,11032.0,12218.0,13367.0,14303.0,15129.0,15709.0,16158.0,16498.0,16762.0,16921.0,16921.0,16814.0,16667.0,16486.0,16166.0,15911.0,15523.0,15091.0,14577.0,14081.0,13638.0,13153.0,12685.0,12164.0,11704.0,11238.0,10778.0,10296.0
0.0,0.0,0.0,1.0,0.0,0.0,0.0,1.0,1.0,2.0,2.0,5.0,4.0,4.0,5.0,7.0,7.0,7.0,8.0,9.0,11.0,10.0,15.0,17.0,20.0,17.0,21.0,23.0,32.0,37.0,40.0,46.0,54.0,69.0,84.0,102.0,119.0,137.0,161.0,186.0,214.0,245.0,282.0,323.0,373.0,424.0,466.0,524.0,598.0,671.0,779.0,914.0,1071.0,1248.0,1454.0,1677.0,1937.0,2219.0,2569.0,2994.0,3411.0,3837.0,4308.0,4787.0,5138.0,5495.0,5802.0,5991.0,6208.0,6277.0,6295.0,6374.0,6321.0,6310.0,6274.0,6173.0,6086.0,5976.0,5814.0,5690.0,5499.0,5344.0,5176.0,4997.0,4841.0,4698.0,4508.0,4309.0,4154.0
0.0,0.0,0.0,1.0,1.0,2.0,3.0,3.0,3.0,3.0,3.0,6.0,10.0,12.0,13.0,12.0,16.0,16.0,17.0,22.0,31.0,36.0,36.0,43.0,47.0,56.0,64.0,74.0,74.0,85.0,117.0,137.0,165.0,198.0,237.0,278.0,331.0,391.0,433.0,512.0,591.0,681.0,767.0,908.0,1032.0,1207.0,1403.0,1632.0,1865.0,2173.0,2483.0,2869.0,3314.0,3822.0,4376.0,5048.0,5840.0,6791.0,7650.0,8735.0,9885.0,11051.0,12254.0,13364.0,14282.0,15047.0,15582.0,16095.0,16450.0,16714.0,16821.0,16808.0,16749.0,16577.0,16345.0,16077.0,15770.0,15327.0,14917.0,14529.0,14076.0,13644.0,13192.0,12730.0,12303.0,11812.0,11364.0,10884.0,10421.0
0.0,0.0,0.0,0.0,2.0,2.0,2.0,4.0,7.0,7.0,8.0,10.0,12.0,14.0,14.0,14.0,15.0,15.0,23.0,29.0,35.0,43.0,52.0,60.0,65.0,74.0,77.0,92.0,119.0,124.0,132.0,154.0,170.0,203.0,224.0,248.0,280.0,306.0,319.0,378.0,411.0,480.0,558.0,653.0,772.0,874.0,1006.0,1169.0,1328.0,1516.0,1749.0,1994.0,2311.0,2626.0,2989.0,3473.0,4050.0,4641.0,5331.0,6175.0,7063.0,8128.0,8925.0,9686.0,10411.0,11038.0,11477.0,11836.0,12164.0,12417.0,12581.0,12571.0,12600.0,12392.0,12240.0,12059.0,11768.0,11506.0,11245.0,10927.0,10654.0,10302.0,9981.0,9626.0,9294.0,8884.0,8591.0,8213.0,7921.0
0.0,0.0,0.0,0.0,1.0,3.0,5.0,7.0,9.0,10.0,12.0,12.0,12.0,12.0,17.0,20.0,23.0,28.0,37.0,47.0,58.0,68.0,73.0,81.0,90.0,115.0,147.0,191.0,239.0,268.0,318.0,362.0,437.0,503.0,569.0,661.0,757.0,875.0,997.0,1137.0,1332.0,1545.0,1820.0,2136.0,2473.0,2850.0,3298.0,3815.0,4400.0,5102.0,5908.0,6723.0,7686.0,8774.0,9995.0,11527.0,13151.0,15034.0,16976.0,19291.0,21584.0,23968.0,26339.0,28311.0,30117.0,31520.0,32532.0,33427.0,33960.0,34087.0,34005.0,33882.0,33444.0,32884.0,32399.0,31660.0,30924.0,30059.0,29087.0,28090.0,27048.0,26042.0,25020.0,24004.0,23015.0,22100.0,21151.0,20257.0,19270.0
0.0,0.0,0.0,0.0,1.0,1.0,2.0,2.0,3.0,4.0,8.0,9.0,10.0,13.0,15.0,18.0,21.0,29.0,33.0,34.0,43.0,45.0,49.0,56.0,59.0,68.0,73.0,81.0,97.0,110.0,126.0,140.0,168.0,189.0,215.0,246.0,281.0,310.0,349.0,396.0,461.0,524.0,613.0,728.0,841.0,957.0,1121.0,1272.0,1466.0,1696.0,1982.0,2310.0,2706.0,3146.0,3620.0,4149.0,4794.0,5466.0,6319.0,7192.0,8249.0,9278.0,10361.0,11236.0,12129.0,12803.0,13437.0,13771.0,14083.0,14242.0,14288.0,14355.0,14205.0,14097.0,13974.0,13701.0,13458.0,13220.0,12856.0,12542.0,12155.0,11760.0,11320.0,10926.0,10495.0,10117.0,9717.0,9371.0,9001.0
0.0,0.0,0.0,0.0,0.0,0.0,1.0,4.0,5.0,7.0,7.0,9.0,14.0,16.0,26.0,26.0,32.0,35.0,35.0,50.0,53.0,64.0,74.0,88.0,93.0,108.0,129.0,149.0,185.0,215.0,253.0,294.0,333.0,389.0,458.0,524.0,593.0,693.0,779.0,890.0,1027.0,1182.0,1356.0,1574.0,1826.0,2075.0,2412.0,2830.0,3270.0,3737.0,4300.0,4930.0,5736.0,6550.0,7566.0,8571.0,9872.0,11204.0,12772.0,14594.0,16629.0,18615.0,20539.0,22229.0,23692.0,24983.0,25890.0,26537.0,27062.0,27232.0,27323.0,27245.0,27020.0,26588.0,26200.0,25591.0,25034.0,24342.0,23649.0,22945.0,22163.0,21322.0,20572.0,19815.0,19040.0,18360.0,17598.0,16881.0,16211.0
0.0,0.0,0.0,0.0,1.0,2.0,2.0,3.0,4.0,5.0,7.0,7.0,9.0,8.0,12.0,15.0,15.0,19.0,29.0,29.0,32.0,38.0,39.0,50.0,58.0,70.0,84.0,95.0,113.0,122.0,145.0,174.0,191.0,219.0,250.0,278.0,328.0,378.0,438.0,509.0,572.0,668.0,761.0,874.0,1018.0,1162.0,1334.0,1584.0,1835.0,2111.0,2429.0,2843.0,3278.0,3765.0,4335.0,4988.0,5701.0,6542.0,7474.0,8511.0,9664.0,10779.0,12033.0,13051.0,13990.0,14760.0,15387.0,15817.0,16142.0,16437.0,16519.0,16501.0,16329.0,16256.0,16080.0,15733.0,15428.0,15047.0,14620.0,14163.0,13734.0,13283.0,12852.0,12403.0,11958.0,11505.0,11077.0,10658.0,10232.0
0.0,0.0,0.0,0.0,2.0,2.0,2.0,3.0,5.0,5.0,7.0,9.0,8.0,12.0,14.0,16.0,21.0,26.0,27.0,28.0,39.0,48.0,56.0,63.0,71.0,79.0,98.0,116.0,132.0,151.0,173.0,197.0,230.0,275.0,321.0,388.0,452.0,521.0,625.0,717.0,841.0,988.0,1128.0,1298.0,1518.0,1725.0,1976.0,2270.0,2642.0,3042.0,3504.0,4002.0,4602.0,5283.0,6017.0,6927.0,7957.0,9015.0,10237.0,11628.0,13172.0,14684.0,16223.0,17591.0,18835.0,19833.0,20630.0,21240.0,21706.0,21900.0,21931.0,21984.0,21870.0,21611.0,21278.0,20762.0,20270.0,19821.0,19308.0,18797.0,18220.0,17563.0,16913.0,16282.0,15665.0,15081.0,14450.0,13878.0,13272.0
0.0,0.0,0.0,1.0,2.0,2.0,2.0,2.0,2.0,2.0,2.0,4.0,4.0,5.0,6.0,9.0,10.0,15.0,22.0,23.0,25.0,28.0,28.0,28.0,33.0,40.0,62.0,68.0,81.0,87.0,98.0,114.0,136.0,163.0,201.0,237.0,289.0,349.0,411.0,484.0,583.0,662.0,786.0,918.0,1026.0,1165.0,1360.0,1613.0,1887.0,2212.0,2545.0,2941.0,3448.0,3949.0,4560.0,5213.0,5955.0,6805.0,7774.0,8868.0,9974.0,11278.0,12506.0,13638.0,14607.0,15385.0,16041.0,16491.0,16778.0,16984.0,17093.0,17133.0,17072.0,16983.0,16669.0,16328.0,16047.0,15624.0,15229.0,14839.0,14430.0,13996.0,13543.0,13039.0,12515.0,11987.0,11502.0,11077.0,10647.0
0.0,0.0,0.0,1.0,1.0,2.0,2.0,3.0,4.0,5.0,7.0,8.0,8.0,8.0,10.0,8.0,9.0,16.0,18.0,20.0,22.0,30.0,36.0,43.0,58.0,71.0,79.0,89.0,111.0,136.0,163.0,194.0,218.0,254.0,286.0,334.0,382.0,442.0,485.0,588.0,679.0,806.0,907.0,1077.0,1247.0,1420.0,1621.0,1860.0,2115.0,2421.0,2812.0,3205.0,3664.0,4138.0,4776.0,5464.0,6190.0,7109.0,8166.0,9383.0,10611.0,12000.0,13265.0,14450.0,15602.0,16415.0,17117.0,17653.0,18084.0,18272.0,18296.0,18271.0,18127.0,17958.0,17659.0,17338.0,16949.0,16543.0,16149.0,15619.0,15096.0,14573.0,13998.0,13479.0,12958.0,12472.0,11976.0,11471.0,11009.0
0.0,0.0,0.0,0.0,3.0,3.0,3.0,5.0,5.0,5.0,6.0,8.0,10.0,11.0,10.0,12.0,14.0,14.0,14.0,15.0,14.0,19.0,22.0,26.0,33.0,37.0,46.0,63.0,64.0,68.0,73.0,90.0,108.0,134.0,167.0,186.0,199.0,229.0,268.0,321.0,369.0,437.0,519.0,601.0,663.0,752.0,879.0,1000.0,1145.0,1323.0,1530.0,1789.0,2044.0,2354.0,2707.0,3125.0,3572.0,4064.0,4632.0,5356.0,6163.0,6987.0,7798.0,8522.0,9110.0,9630.0,10043.0,10383.0,10646.0,10886.0,11003.0,10987.0,10935.0,10816.0,10717.0,10532.0,10344.0,10082.0,9842.0,9530.0,9273.0,8977.0,8726.0,8427.0,8164.0,7823.0,7522.0,7220.0,6959.0
0.0,0.0,0.0,1.0,1.0,1.0,1.0,3.0,3.0,3.0,5.0,5.0,7.0,7.0,14.0,17.0,20.0,22.0,28.0,34.0,37.0,46.0,60.0,63.0,68.0,83.0,96.0,111.0,147.0,178.0,220.0,257.0,304.0,368.0,429.0,506.0,598.0,706.0,820.0,959.0,1174.0,1354.0,1584.0,1806.0,2090.0,2403.0,2800.0,3282.0,3785.0,4363.0,5074.0,5794.0,6658.0,7649.0,8740.0,10084.0,11470.0,13067.0,14832.0,16828.0,18965.0,21224.0,23192.0,24986.0,26551.0,27838.0,28876.0,29537.0,29966.0,30145.0,30165.0,30053.0,29804.0,29397.0,28983.0,28363.0,27635.0,26828.0,26004.0,25212.0,24319.0,23460.0,22549.0,21701.0,20784.0,19982.0,19133.0,18271.0,17531.0
0.0,0.0,0.0,0.0,0.0,1.0,2.0,5.0,4.0,4.0,4.0,6.0,6.0,7.0,9.0,11.0,13.0,17.0,17.0,22.0,31.0,36.0,40.0,43.0,57.0,66.0,70.0,80.0,96.0,119.0,144.0,169.0,204.0,233.0,270.0,312.0,359.0,415.0,469.0,544.0,629.0,727.0,829.0,937.0,1080.0,1250.0,1438.0,1663.0,1912.0,2240.0,2560.0,2962.0,3354.0,3946.0,4551.0,5200.0,6043.0,6930.0,7924.0,9133.0,10339.0,11693.0,12992.0,14145.0,15139.0,15979.0,16651.0,17163.0,17550.0,17742.0,17813.0,17793.0,17727.0,17572.0,17328.0,17009.0,16606.0,16178.0,15746.0,15383.0,14926.0,14439.0,13941.0,13486.0,12943.0,12484.0,11980.0,11515.0,11101.0
0.0,0.0,0.0,0.0,0.0,1.0,2.0,3.0,2.0,4.0,5.0,7.0,9.0,11.0,11.0,11.0,11.0,13.0,16.0,18.0,22.0,31.0,36.0,40.0,46.0,46.0,56.0,60.0,63.0,69.0,68.0,77.0,87.0,96.0,117.0,123.0,142.0,167.0,208.0,229.0,265.0,293.0,341.0,389.0,447.0,519.0,623.0,708.0,812.0,928.0,1085.0,1242.0,1429.0,1656.0,1895.0,2215.0,2585.0,2969.0,3423.0,4005.0,4595.0,5151.0,5763.0,6247.0,6749.0,7149.0,7437.0,7656.0,7858.0,7980.0,8034.0,8052.0,8017.0,7986.0,7910.0,7762.0,7638.0,7475.0,7304.0,7091.0,6889.0,6672.0,6441.0,6260.0,6022.0,5789.0,5578.0,5347.0,5107.0
0.0,0.0,0.0,0.0,0.0,1.0,3.0,3.0,3.0,3.0,4.0,5.0,5.0,4.0,6.0,9.0,13.0,14.0,18.0,18.0,23.0,23.0,26.0,34.0,44.0,51.0,70.0,82.0,98.0,119.0,133.0,152.0,187.0,199.0,229.0,269.0,311.0,370.0,432.0,482.0,558.0,623.0,746.0,876.0,1029.0,1200.0,1363.0,1589.0,1814.0,2105.0,2411.0,2828.0,3285.0,3723.0,4349.0,4939.0,5717.0,6575.0,7518.0,8698.0,9967.0,11208.0,12387.0,13526.0,14573.0,15363.0,16126.0,16579.0,17005.0,17243.0,17427.0,17533.0,17511.0,17317.0,17057.0,16768.0,16421.0,16043.0,15583.0,15141.0,14687.0,14241.0,13792.0,13322.0,12878.0,12393.0,11907.0,11429.0,10965.0
0.0,0.0,0.0,0.0,0.0,1.0,1.0,2.0,6.0,7.0,10.0,12.0,14.0,14.0,15.0,16.0,14.0,17.0,20.0,25.0,29.0,38.0,45.0,54.0,58.0,69.0,78.0,90.0,108.0,137.0,159.0,173.0,200.0,232.0,262.0,309.0,374.0,441.0,525.0,622.0,709.0,839.0,966.0,1123.0,1332.0,1581.0,1844.0,2137.0,2477.0,2898.0,3289.0,3831.0,4340.0,4957.0,5619.0,6462.0,7407.0,8558.0,9779.0,11134.0,12653.0,14239.0,15619.0,16938.0,18106.0,19151.0,19901.0,20445.0,20867.0,21116.0,21155.0,21166.0,21040.0,20744.0,20412.0,19953.0,19509.0,19016.0,18517.0,17947.0,17325.0,16746.0,16145.0,15616.0,14987.0,14455.0,13855.0,13270.0,12662.0
0.0,0.0,0.0,0.0,0.0,0.0,1.0,1.0,4.0,7.0,9.0,10.0,12.0,12.0,15.0,17.0,21.0,28.0,34.0,42.0,49.0,51.0,65.0,70.0,89.0,103.0,131.0,144.0,166.0,181.0,209.0,248.0,286.0,336.0,372.0,447.0,551.0,618.0,725.0,845.0,1010.0,1176.0,1322.0,1535.0,1759.0,2005.0,2290.0,2639.0,3011.0,3414.0,3920.0,4495.0,5149.0,5922.0,6838.0,7798.0,8847.0,10169.0,11590.0,13099.0,14875.0,16711.0,18440.0,19888.0,21310.0,22416.0,23291.0,23973.0,24417.0,24703.0,24693.0,24637.0,24395.0,24160.0,23816.0,23359.0,22773.0,22125.0,21459.0,20849.0,20158.0,19432.0,18737.0,18022.0,17361.0,16724.0,16068.0,15372.0,14742.0
0.0,0.0,0.0,1.0,1.0,1.0,3.0,4.0,4.0,6.0,6.0,6.0,6.0,6.0,5.0,6.0,4.0,6.0,7.0,10.0,10.0,10.0,12.0,12.0,13.0,19.0,22.0,29.0,44.0,50.0,52.0,61.0,84.0,97.0,115.0,129.0,150.0,175.0,194.0,226.0,252.0,295.0,336.0,379.0,455.0,540.0,621.0,729.0,857.0,983.0,1111.0,1261.0,1465.0,1690.0,1947.0,2234.0,2590.0,2956.0,3414.0,3921.0,4513.0,5128.0,5704.0,6164.0,6574.0,6953.0,7236.0,7535.0,7714.0,7810.0,7949.0,7974.0,7957.0,7884.0,7765.0,7653.0,7454.0,7324.0,7165.0,6976.0,6760.0,6558.0,6328.0,6122.0,5918.0,5688.0,5434.0,5216.0,4972.0
0.0,0.0,0.0,0.0,0.0,1.0,1.0,2.0,2.0,2.0,3.0,3.0,5.0,6.0,9.0,11.0,15.0,19.0,27.0,30.0,38.0,51.0,60.0,74.0,84.0,88.0,101.0,131.0,155.0,186.0,213.0,246.0,270.0,295.0,341.0,401.0,478.0,556.0,648.0,741.0,851.0,1019.0,1176.0,1337.0,1519.0,1732.0,1961.0,2282.0,2639.0,3020.0,3414.0,3928.0,4535.0,5203.0,5965.0,6858.0,7871.0,8984.0,10244.0,11611.0,13146.0,14729.0,16190.0,17438.0,18675.0,19656.0,20508.0,21032.0,21323.0,21599.0,21678.0,21721.0,21540.0,21290.0,20942.0,20559.0,20130.0,19634.0,19107.0,18487.0,17955.0,17345.0,16829.0,16208.0,15610.0,14990.0,14359.0,13740.0,13168.0
0.0,0.0,0.0,1.0,1.0,1.0,2.0,1.0,2.0,3.0,5.0,7.0,9.0,16.0,18.0,27.0,32.0,38.0,50.0,58.0,68.0,73.0,83.0,92.0,102.0,110.0,120.0,139.0,159.0,179.0,207.0,240.0,289.0,345.0,415.0,463.0,547.0,619.0,735.0,845.0,975.0,1125.0,1246.0,1433.0,1644.0,1889.0,2182.0,2513.0,2898.0,3329.0,3766.0,4300.0,4930.0,5708.0,6506.0,7416.0,8563.0,9752.0,11090.0,12768.0,14379.0,16124.0,17820.0,19253.0,20547.0,21561.0,22434.0,22961.0,23410.0,23626.0,23643.0,23705.0,23563.0,23237.0,22789.0,22351.0,21851.0,21271.0,20688.0,20033.0,19383.0,18723.0,18034.0,17342.0,16644.0,15951.0,15334.0,14722.0,14054.0
0.0,0.0,0.0,0.0,1.0,1.0,1.0,1.0,3.0,4.0,4.0,6.0,8.0,11.0,11.0,18.0,21.0,24.0,28.0,29.0,36.0,43.0,49.0,54.0,60.0,67.0,76.0,83.0,100.0,117.0,130.0,160.0,184.0,209.0,234.0,270.0,312.0,347.0,410.0,463.0,546.0,634.0,725.0,844.0,997.0,1149.0,1315.0,1536.0,1745.0,2019.0,2295.0,2595.0,3002.0,3482.0,3988.0,4570.0,5285.0,6087.0,6925.0,7893.0,8912.0,10084.0,11154.0,12045.0,12968.0,13679.0,14281.0,14647.0,15045.0,15245.0,15351.0,15350.0,15187.0,15045.0,14839.0,14603.0,14328.0,13975.0,13612.0,13152.0,12801.0,12409.0,12006.0,11579.0,11131.0,10704.0,10309.0,9940.0,9492.0
0.0,0.0,0.0,2.0,2.0,2.0,2.0,2.0,4.0,4.0,5.0,8.0,11.0,13.0,18.0,24.0,26.0,23.0,23.0,31.0,37.0,40.0,44.0,55.0,57.0,70.0,74.0,90.0,105.0,113.0,120.0,140.0,153.0,176.0,204.0,228.0,267.0,308.0,347.0,414.0,467.0,544.0,609.0,698.0,795.0,923.0,1046.0,1210.0,1405.0,1600.0,1837.0,2139.0,2472.0,2873.0,3310.0,3818.0,4335.0,4948.0,5639.0,6453.0,7342.0,8227.0,9076.0,9903.0,10584.0,11160.0,11710.0,12140.0,12550.0,12750.0,12861.0,12814.0,12784.0,12642.0,12477.0,12310.0,12105.0,11851.0,11545.0,11228.0,10926.0,10555.0,10166.0,9760.0,9435.0,9055.0,8749.0,8392.0,8060.0
0.0,0.0,0.0,0.0,0.0,0.0,0.0,1.0,4.0,5.0,4.0,7.0,8.0,8.0,9.0,10.0,11.0,13.0,19.0,21.0,26.0,34.0,36.0,43.0,46.0,51.0,54.0,64.0,72.0,80.0,94.0,99.0,114.0,134.0,157.0,175.0,219.0,239.0,286.0,327.0,383.0,464.0,525.0,603.0,697.0,796.0,943.0,1082.0,1276.0,1460.0,1709.0,1948.0,2297.0,2665.0,3025.0,3498.0,3972.0,4620.0,5283.0,6068.0,6930.0,7863.0,8755.0,9457.0,10155.0,10692.0,11043.0,11493.0,11771.0,11990.0,12073.0,12085.0,12042.0,11972.0,11896.0,11720.0,11398.0,11157.0,10873.0,10480.0,10166.0,9904.0,9601.0,9255.0,8908.0,8516.0,8227.0,7856.0,7576.0
0.0,0.0,0.0,1.0,1.0,3.0,4.0,5.0,7.0,6.0,6.0,6.0,5.0,6.0,9.0,10.0,9.0,10.0,9.0,11.0,11.0,16.0,19.0,20.0,28.0,32.0,37.0,40.0,49.0,55.0,61.0,72.0,79.0,86.0,94.0,113.0,131.0,158.0,182.0,213.0,256.0,299.0,356.0,421.0,463.0,550.0,633.0,747.0,869.0,1019.0,1167.0,1362.0,1566.0,1855.0,2189.0,2496.0,2929.0,3369.0,3871.0,4434.0,5061.0,5705.0,6324.0,6864.0,7426.0,7896.0,8243.0,8565.0,8814.0,8939.0,9037.0,9017.0,9006.0,8950.0,8827.0,8662.0,8507.0,8305.0,8101.0,7877.0,7707.0,7461.0,7224.0,6947.0,6713.0,6442.0,6169.0,5937.0,5724.0
0.0,0.0,0.0,0.0,0.0,2.0,4.0,6.0,7.0,6.0,7.0,7.0,9.0,10.0,11.0,14.0,15.0,20.0,25.0,29.0,37.0,48.0,59.0,67.0,78.0,92.0,98.0,123.0,151.0,165.0,203.0,244.0,275.0,309.0,349.0,401.0,455.0,534.0,633.0,736.0,859.0,987.0,1155.0,1313.0,1502.0,1726.0,1960.0,2292.0,2651.0,3089.0,3556.0,4061.0,4639.0,5313.0,6099.0,6971.0,7971.0,9117.0,10394.0,11835.0,13444.0,15128.0,16725.0,18249.0,19523.0,20469.0,21344.0,21834.0,22300.0,22487.0,22563.0,22560.0,22399.0,22201.0,21902.0,21405.0,20944.0,20351.0,19852.0,19289.0,18614.0,17939.0,17366.0,16709.0,16106.0,15424.0,14860.0,14253.0,13634.0
0.0,0.0,0.0,1.0,2.0,2.0,2.0,4.0,5.0,5.0,7.0,8.0,9.0,11.0,14.0,16.0,18.0,19.0,22.0,24.0,23.0,25.0,26.0,31.0,41.0,50.0,58.0,68.0,76.0,96.0,118.0,137.0,159.0,176.0,194.0,211.0,233.0,262.0,307.0,369.0,428.0,496.0,582.0,659.0,789.0,891.0,1051.0,1199.0,1387.0,1610.0,1853.0,2131.0,2441.0,2831.0,3231.0,3714.0,4271.0,4883.0,5668.0,6461.0,7343.0,8312.0,9218.0,10027.0,10784.0,11445.0,11936.0,12278.0,12605.0,12782.0,12956.0,12876.0,12764.0,12731.0,12582.0,12403.0,12108.0,11813.0,11520.0,11193.0,10844.0,10486.0,10131.0,9743.0,9409.0,9014.0,8644.0,8340.0,8021.0
0.0,0.0,0.0,0.0,1.0,1.0,3.0,3.0,3.0,7.0,8.0,12.0,13.0,11.0,12.0,17.0,22.0,30.0,29.0,32.0,34.0,39.0,40.0,43.0,48.0,64.0,81.0,98.0,113.0,134.0,160.0,186.0,213.0,247.0,279.0,321.0,398.0,454.0,541.0,634.0,734.0,854.0,949.0,1111.0,1294.0,1502.0,1709.0,1934.0,2225.0,2554.0,2983.0,3376.0,3833.0,4343.0,4997.0,5734.0,6563.0,7463.0,8533.0,9668.0,11070.0,12393.0,13741.0,14926.0,15988.0,16968.0,17681.0,18173.0,18517.0,18704.0,18699.0,18679.0,18562.0,18443.0,18186.0,17785.0,17362.0,16940.0,16522.0,16048.0,15506.0,14964.0,14479.0,13933.0,13437.0,12931.0,12402.0,11940.0,11456.0
0.0,0.0,0.0,0.0,0.0,1.0,2.0,2.0,4.0,4.0,5.0,6.0,7.0,8.0,8.0,9.0,10.0,11.0,12.0,13.0,15.0,17.0,18.0,18.0,15.0,16.0,16.0,19.0,23.0,27.0,28.0,32.0,41.0,52.0,61.0,67.0,77.0,83.0,100.0,106.0,115.0,126.0,144.0,178.0,203.0,233.0,270.0,323.0,361.0,418.0,487.0,551.0,643.0,761.0,899.0,1043.0,1238.0,1422.0,1628.0,1839.0,2127.0,2403.0,2709.0,2973.0,3197.0,3362.0,3547.0,3675.0,3810.0,3861.0,3932.0,3955.0,3986.0,3948.0,3924.0,3861.0,3779.0,3723.0,3645.0,3523.0,3404.0,3335.0,3250.0,3153.0,3041.0,2931.0,2798.0,2669.0,2564.0
0.0,0.0,0.0,0.0,0.0,1.0,1.0,3.0,4.0,8.0,7.0,7.0,6.0,8.0,9.0,13.0,16.0,19.0,23.0,28.0,35.0,38.0,45.0,54.0,60.0,65.0,70.0,75.0,82.0,92.0,103.0,131.0,153.0,172.0,212.0,243.0,264.0,304.0,359.0,403.0,465.0,516.0,574.0,641.0,721.0,844.0,973.0,1130.0,1301.0,1500.0,1724.0,2036.0,2368.0,2743.0,3163.0,3657.0,4209.0,4845.0,5507.0,6207.0,7094.0,8023.0,8917.0,9741.0,10417.0,10939.0,11372.0,11755.0,12057.0,12267.0,12360.0,12381.0,12327.0,12181.0,12082.0,11955.0,11706.0,11377.0,11101.0,10796.0,10452.0,10152.0,9818.0,9461.0,9059.0,8739.0,8362.0,8045.0,7705.0
0.0,0.0,0.0,0.0,0.0,0.0,0.0,5.0,5.0,6.0,6.0,6.0,6.0,9.0,11.0,8.0,10.0,11.0,12.0,15.0,16.0,17.0,18.0,21.0,25.0,31.0,32.0,35.0,39.0,39.0,42.0,53.0,59.0,61.0,74.0,84.0,90.0,104.0,120.0,125.0,144.0,152.0,185.0,214.0,243.0,290.0,316.0,372.0,442.0,506.0,582.0,677.0,796.0,963.0,1098.0,1263.0,1449.0,1656.0,1920.0,2187.0,2541.0,2865.0,3226.0,3540.0,3775.0,4008.0,4227.0,4381.0,4465.0,4546.0,4610.0,4627.0,4635.0,4581.0,4547.0,4440.0,4351.0,4237.0,4108.0,3984.0,3875.0,3741.0,3629.0,3524.0,3405.0,3257.0,3189.0,3065.0,2927.0
0.0,0.0,0.0,0.0,1.0,1.0,1.0,2.0,4.0,5.0,7.0,8.0,10.0,10.0,12.0,12.0,12.0,15.0,19.0,19.0,24.0,26.0,26.0,30.0,25.0,28.0,35.0,37.0,47.0,49.0,57.0,64.0,77.0,90.0,107.0,127.0,152.0,171.0,191.0,220.0,253.0,292.0,335.0,365.0,436.0,489.0,557.0,640.0,736.0,830.0,930.0,1084.0,1260.0,1459.0,1669.0,1894.0,2247.0,2571.0,2957.0,3399.0,3901.0,4396.0,4915.0,5435.0,5896.0,6214.0,6504.0,6743.0,6878.0,7034.0,7065.0,7117.0,7119.0,7030.0,6971.0,6865.0,6734.0,6520.0,6362.0,6178.0,6004.0,5838.0,5665.0,5470.0,5281.0,5092.0,4864.0,4706.0,4535.0
0.0,0.0,0.0,1.0,1.0,2.0,2.0,2.0,3.0,3.0,3.0,4.0,4.0,5.0,4.0,5.0,7.0,7.0,9.0,9.0,11.0,15.0,19.0,23.0,24.0,27.0,38.0,41.0,55.0,68.0,73.0,79.0,86.0,102.0,115.0,133.0,157.0,185.0,203.0,250.0,285.0,331.0,380.0,445.0,515.0,600.0,676.0,782.0,914.0,1056.0,1217.0,1427.0,1650.0,1936.0,2206.0,2556.0,2963.0,3322.0,3804.0,4367.0,5026.0,5651.0,6256.0,6819.0,7334.0,7766.0,8079.0,8375.0,8562.0,8761.0,8819.0,8810.0,8797.0,8672.0,8594.0,8442.0,8258.0,8067.0,7826.0,7634.0,7419.0,7198.0,6968.0,6767.0,6559.0,6339.0,6092.0,5888.0,5670.0
0.0,0.0,0.0,1.0,2.0,3.0,5.0,5.0,5.0,7.0,8.0,13.0,12.0,12.0,14.0,16.0,16.0,18.0,21.0,24.0,26.0,31.0,35.0,38.0,36.0,43.0,52.0,66.0,73.0,82.0,87.0,103.0,117.0,135.0,162.0,184.0,204.0,231.0,269.0,295.0,343.0,398.0,462.0,527.0,607.0,713.0,811.0,945.0,1119.0,1296.0,1510.0,1735.0,1994.0,2307.0,2726.0,3149.0,3583.0,4182.0,4841.0,5537.0,6312.0,7162.0,7996.0,8775.0,9385.0,9955.0,10431.0,10799.0,11087.0,11277.0,11408.0,11479.0,11500.0,11363.0,11235.0,11076.0,10858.0,10625.0,10345.0,10117.0,9772.0,9415.0,9088.0,8721.0,8402.0,8108.0,7800.0,7493.0,7144.0
0.0,0.0,0.0,1.0,1.0,1.0,2.0,3.0,3.0,3.0,3.0,4.0,6.0,6.0,8.0,9.0,10.0,10.0,10.0,13.0,15.0,13.0,17.0,22.0,24.0,26.0,31.0,36.0,38.0,52.0,59.0,72.0,75.0,94.0,107.0,123.0,152.0,170.0,209.0,232.0,287.0,350.0,411.0,469.0,554.0,636.0,752.0,841.0,963.0,1112.0,1291.0,1485.0,1708.0,1931.0,2210.0,2561.0,3010.0,3455.0,3978.0,4568.0,5208.0,5925.0,6581.0,7196.0,7734.0,8187.0,8599.0,8902.0,9108.0,9234.0,9339.0,9298.0,9369.0,9292.0,9161.0,9004.0,8849.0,8670.0,8476.0,8230.0,8016.0,7777.0,7499.0,7263.0,7021.0,6774.0,6558.0,6309.0,6057.0
0.0,0.0,1.0,2.0,2.0,2.0,2.0,1.0,3.0,4.0,3.0,5.0,6.0,7.0,7.0,10.0,11.0,16.0,18.0,22.0,25.0,26.0,28.0,32.0,32.0,33.0,37.0,42.0,45.0,54.0,64.0,82.0,92.0,106.0,121.0,137.0,152.0,185.0,227.0,274.0,315.0,368.0,433.0,489.0,571.0,665.0,785.0,890.0,1029.0,1162.0,1383.0,1576.0,1770.0,2025.0,2332.0,2649.0,2997.0,3447.0,3985.0,4560.0,5159.0,5818.0,6490.0,7102.0,7599.0,8007.0,8409.0,8650.0,8902.0,9015.0,9079.0,9090.0,9076.0,9044.0,8929.0,8796.0,8540.0,8325.0,8103.0,7862.0,7611.0,7363.0,7120.0,6890.0,6660.0,6430.0,6184.0,5959.0,5709.0
0.0,0.0,0.0,0.0,2.0,2.0,2.0,3.0,3.0,5.0,6.0,6.0,7.0,7.0,9.0,10.0,12.0,13.0,15.0,16.0,19.0,21.0,22.0,27.0,31.0,38.0,43.0,50.0,60.0,75.0,82.0,101.0,110.0,122.0,140.0,158.0,192.0,221.0,254.0,304.0,348.0,381.0,443.0,509.0,583.0,665.0,763.0,882.0,993.0,1128.0,1322.0,1523.0,1750.0,2006.0,2309.0,2663.0,3082.0,3579.0,4126.0,4774.0,5392.0,6113.0,6840.0,7481.0,8076.0,8540.0,8979.0,9308.0,9581.0,9700.0,9798.0,9773.0,9719.0,9662.0,9502.0,9361.0,9127.0,8970.0,8770.0,8499.0,8263.0,8042.0,7756.0,7471.0,7217.0,6951.0,6726.0,6477.0,6210.0
0.0,0.0,0.0,0.0,0.0,0.0,1.0,1.0,1.0,2.0,3.0,8.0,10.0,12.0,11.0,12.0,14.0,15.0,15.0,17.0,18.0,27.0,25.0,28.0,31.0,37.0,40.0,42.0,51.0,56.0,66.0,82.0,97.0,121.0,152.0,183.0,221.0,249.0,269.0,312.0,361.0,435.0,518.0,582.0,683.0,773.0,883.0,1011.0,1130.0,1300.0,1503.0,1744.0,2012.0,2324.0,2743.0,3163.0,3627.0,4149.0,4821.0,5494.0,6289.0,7084.0,7969.0,8810.0,9512.0,10059.0,10556.0,10911.0,11148.0,11310.0,11399.0,11423.0,11457.0,11377.0,11246.0,11063.0,10870.0,10662.0,10407.0,10129.0,9813.0,9504.0,9190.0,8835.0,8543.0,8224.0,7904.0,7614.0,7309.0
0.0,0.0,0.0,0.0,0.0,1.0,1.0,2.0,2.0,4.0,5.0,7.0,9.0,9.0,10.0,13.0,18.0,21.0,26.0,26.0,33.0,39.0,39.0,42.0,46.0,51.0,70.0,79.0,99.0,115.0,137.0,146.0,177.0,202.0,241.0,278.0,329.0,369.0,420.0,493.0,593.0,665.0,779.0,911.0,1052.0,1214.0,1375.0,1564.0,1828.0,2097.0,2419.0,2728.0,3161.0,3585.0,4139.0,4713.0,5420.0,6292.0,7168.0,8168.0,9288.0,10441.0,11522.0,12522.0,13364.0,14133.0,14837.0,15269.0,15569.0,15782.0,15890.0,15875.0,15806.0,15630.0,15345.0,15071.0,14692.0,14372.0,14028.0,13648.0,13141.0,12736.0,12251.0,11866.0,11408.0,10988.0,10607.0,10110.0,9713.0
0.0,0.0,0.0,0.0,0.0,0.0,2.0,1.0,3.0,5.0,6.0,6.0,10.0,11.0,14.0,16.0,21.0,27.0,36.0,38.0,46.0,58.0,64.0,65.0,79.0,91.0,101.0,120.0,138.0,159.0,184.0,218.0,244.0,272.0,329.0,390.0,442.0,490.0,560.0,638.0,719.0,814.0,931.0,1074.0,1231.0,1379.0,1586.0,1848.0,2125.0,2455.0,2858.0,3298.0,3813.0,4324.0,4977.0,5701.0,6543.0,7566.0,8651.0,9858.0,11174.0,12542.0,13855.0,15094.0,16189.0,17010.0,17684.0,18168.0,18591.0,18705.0,18793.0,18775.0,18661.0,18539.0,18277.0,17945.0,17597.0,17202.0,16800.0,16283.0,15753.0,15212.0,14703.0,14145.0,13663.0,13129.0,12612.0,12116.0,11637.0
0.0,0.0,0.0,0.0,1.0,1.0,3.0,3.0,4.0,5.0,7.0,6.0,5.0,6.0,7.0,8.0,8.0,7.0,7.0,7.0,10.0,13.0,14.0,18.0,19.0,22.0,23.0,26.0,32.0,31.0,37.0,43.0,55.0,64.0,66.0,79.0,95.0,103.0,115.0,140.0,163.0,181.0,201.0,245.0,268.0,310.0,371.0,447.0,506.0,581.0,664.0,774.0,879.0,1005.0,1161.0,1321.0,1516.0,1699.0,1948.0,2265.0,2572.0,2943.0,3268.0,3611.0,3881.0,4102.0,4292.0,4454.0,4593.0,4681.0,4719.0,4774.0,4795.0,4788.0,4733.0,4627.0,4562.0,4476.0,4372.0,4255.0,4135.0,3996.0,3909.0,3763.0,3659.0,3529.0,3408.0,3277.0,3163.0
0.0,0.0,0.0,0.0,1.0,2.0,1.0,2.0,2.0,1.0,1.0,1.0,3.0,3.0,3.0,5.0,5.0,7.0,8.0,9.0,10.0,10.0,10.0,11.0,12.0,15.0,21.0,26.0,33.0,37.0,40.0,40.0,48.0,56.0,67.0,76.0,87.0,100.0,116.0,131.0,153.0,180.0,205.0,251.0,284.0,328.0,390.0,454.0,530.0,631.0,735.0,874.0,994.0,1135.0,1288.0,1502.0,1727.0,2038.0,2321.0,2705.0,3112.0,3492.0,3924.0,4263.0,4614.0,4866.0,5112.0,5323.0,5486.0,5535.0,5578.0,5577.0,5560.0,5565.0,5532.0,5484.0,5359.0,5266.0,5180.0,5049.0,4880.0,4746.0,4621.0,4480.0,4305.0,4138.0,3995.0,3850.0,3733.0
0.0,0.0,0.0,2.0,2.0,2.0,2.0,3.0,4.0,6.0,6.0,7.0,8.0,9.0,9.0,10.0,8.0,8.0,9.0,9.0,8.0,12.0,15.0,18.0,19.0,22.0,28.0,38.0,39.0,41.0,45.0,52.0,59.0,69.0,77.0,86.0,106.0,124.0,138.0,157.0,184.0,223.0,266.0,294.0,341.0,381.0,457.0,521.0,601.0,695.0,814.0,922.0,1042.0,1172.0,1337.0,1556.0,1812.0,2078.0,2401.0,2773.0,3188.0,3651.0,4012.0,4404.0,4716.0,4990.0,5268.0,5449.0,5531.0,5616.0,5643.0,5642.0,5610.0,5567.0,5483.0,5424.0,5321.0,5157.0,5048.0,4926.0,4784.0,4599.0,4482.0,4326.0,4174.0,4043.0,3896.0,3742.0,3587.0
0.0,0.0,0.0,1.0,1.0,1.0,1.0,2.0,3.0,3.0,4.0,3.0,2.0,3.0,3.0,4.0,5.0,6.0,7.0,10.0,11.0,13.0,14.0,13.0,15.0,19.0,22.0,27.0,32.0,43.0,52.0,58.0,64.0,76.0,89.0,98.0,108.0,121.0,144.0,174.0,206.0,245.0,282.0,330.0,386.0,432.0,492.0,541.0,627.0,728.0,864.0,991.0,1146.0,1307.0,1488.0,1726.0,1985.0,2310.0,2673.0,3119.0,3606.0,4092.0,4555.0,4958.0,5354.0,5646.0,5933.0,6071.0,6206.0,6258.0,6275.0,6280.0,6300.0,6281.0,6156.0,6027.0,5882.0,5754.0,5630.0,5487.0,5319.0,5164.0,5009.0,4877.0,4712.0,4508.0,4309.0,4141.0,3982.0
0.0,0.0,0.0,0.0,2.0,2.0,2.0,2.0,2.0,3.0,3.0,4.0,4.0,6.0,9.0,12.0,13.0,19.0,24.0,30.0,36.0,44.0,53.0,58.0,61.0,66.0,68.0,84.0,99.0,119.0,135.0,149.0,162.0,186.0,229.0,257.0,292.0,325.0,389.0,460.0,510.0,583.0,694.0,774.0,909.0,1069.0,1267.0,1473.0,1657.0,1906.0,2175.0,2542.0,2888.0,3289.0,3764.0,4391.0,5004.0,5771.0,6570.0,7510.0,8614.0,9810.0,10873.0,11926.0,12798.0,13518.0,14142.0,14603.0,14910.0,15106.0,15270.0,15305.0,15229.0,15105.0,14844.0,14588.0,14216.0,13876.0,13460.0,13070.0,12714.0,12256.0,11909.0,11497.0,11065.0,10653.0,10286.0,9893.0,9530.0
0.0,0.0,0.0,0.0,0.0,1.0,1.0,2.0,2.0,2.0,3.0,3.0,2.0,3.0,3.0,6.0,4.0,5.0,6.0,8.0,8.0,9.0,11.0,10.0,11.0,12.0,15.0,16.0,18.0,20.0,20.0,23.0,31.0,39.0,43.0,48.0,56.0,59.0,66.0,74.0,87.0,95.0,118.0,144.0,160.0,185.0,214.0,238.0,268.0,332.0,392.0,444.0,507.0,584.0,675.0,753.0,899.0,1031.0,1207.0,1392.0,1643.0,1850.0,2045.0,2246.0,2411.0,2560.0,2662.0,2760.0,2829.0,2871.0,2905.0,2924.0,2947.0,2941.0,2898.0,2858.0,2850.0,2780.0,2731.0,2666.0,2609.0,2547.0,2492.0,2407.0,2338.0,2247.0,2166.0,2092.0,2007.0
0.0,0.0,0.0,0.0,0.0,1.0,2.0,1.0,3.0,5.0,5.0,6.0,6.0,6.0,4.0,9.0,9.0,12.0,15.0,21.0,25.0,29.0,29.0,37.0,42.0,52.0,56.0,72.0,87.0,96.0,114.0,135.0,141.0,173.0,205.0,230.0,266.0,305.0,344.0,391.0,465.0,546.0,631.0,742.0,846.0,963.0,1089.0,1254.0,1460.0,1674.0,1898.0,2210.0,2597.0,2968.0,3395.0,3891.0,4459.0,4994.0,5721.0,6515.0,7414.0,8313.0,9211.0,9998.0,10737.0,11353.0,11876.0,12211.0,12487.0,12699.0,12796.0,12814.0,12674.0,12573.0,12396.0,12167.0,11939.0,11646.0,11399.0,11042.0,10673.0,10313.0,9999.0,9650.0,9287.0,8963.0,8620.0,8319.0,7984.0
0.0,0.0,0.0,0.0,0.0,2.0,3.0,3.0,3.0,3.0,5.0,5.0,8.0,8.0,12.0,12.0,12.0,12.0,15.0,15.0,15.0,18.0,19.0,26.0,31.0,41.0,47.0,50.0,54.0,62.0,71.0,78.0,87.0,93.0,113.0,120.0,133.0,157.0,174.0,208.0,231.0,271.0,306.0,348.0,400.0,463.0,552.0,633.0,720.0,817.0,946.0,1123.0,1269.0,1431.0,1635.0,1882.0,2179.0,2526.0,2925.0,3362.0,3866.0,4360.0,4804.0,5209.0,5595.0,5929.0,6127.0,6288.0,6415.0,6481.0,6568.0,6578.0,6539.0,6501.0,6469.0,6378.0,6215.0,6092.0,5993.0,5842.0,5708.0,5498.0,5306.0,5135.0,4952.0,4776.0,4596.0,4422.0,4268.0
0.0,0.0,0.0,2.0,1.0,1.0,1.0,1.0,1.0,2.0,5.0,8.0,8.0,14.0,16.0,18.0,20.0,25.0,25.0,29.0,41.0,49.0,56.0,68.0,81.0,96.0,105.0,117.0,147.0,171.0,203.0,224.0,272.0,323.0,365.0,428.0,491.0,596.0,689.0,765.0,893.0,1032.0,1170.0,1358.0,1607.0,1870.0,2145.0,2472.0,2865.0,3335.0,3880.0,4444.0,5058.0,5842.0,6709.0,7723.0,8872.0,10149.0,11531.0,13145.0,14980.0,16840.0,18510.0,20133.0,21407.0,22533.0,23372.0,23962.0,24478.0,24715.0,24815.0,24739.0,24542.0,24229.0,23807.0,23315.0,22831.0,22193.0,21533.0,20879.0,20182.0,19428.0,18725.0,18045.0,17354.0,16698.0,16004.0,15341.0,14632.0
0.0,0.0,0.0,0.0,0.0,1.0,2.0,3.0,2.0,4.0,6.0,7.0,8.0,11.0,14.0,19.0,26.0,34.0,41.0,54.0,71.0,93.0,108.0,126.0,140.0,168.0,176.0,207.0,252.0,280.0,337.0,388.0,449.0,512.0,566.0,650.0,763.0,878.0,1007.0,1194.0,1375.0,1572.0,1815.0,2077.0,2396.0,2802.0,3183.0,3667.0,4275.0,4936.0,5673.0,6488.0,7447.0,8514.0,9659.0,10942.0,12579.0,14399.0,16373.0,18622.0,20911.0,23387.0,25704.0,27675.0,29429.0,30733.0,31780.0,32587.0,33072.0,33322.0,33397.0,33091.0,32677.0,32108.0,31522.0,30729.0,29900.0,28988.0,28153.0,27241.0,26257.0,25294.0,24298.0,23290.0,22298.0,21381.0,20495.0,19609.0,18854.0
0.0,0.0,0.0,0.0,0.0,0.0,2.0,2.0,3.0,4.0,4.0,6.0,7.0,7.0,9.0,12.0,13.0,15.0,18.0,21.0,25.0,34.0,38.0,45.0,52.0,58.0,77.0,97.0,116.0,136.0,158.0,189.0,226.0,262.0,293.0,339.0,390.0,457.0,527.0,619.0,738.0,862.0,984.0,1104.0,1306.0,1510.0,1777.0,1993.0,2287.0,2664.0,3063.0,3515.0,4077.0,4694.0,5423.0,6254.0,7191.0,8235.0,9471.0,10778.0,12198.0,13731.0,15141.0,16480.0,17787.0,18699.0,19406.0,19876.0,20322.0,20520.0,20687.0,20681.0,20462.0,20324.0,20004.0,19575.0,19136.0,18674.0,18230.0,17693.0,17199.0,16613.0,16032.0,15424.0,14877.0,14277.0,13678.0,13091.0,12536.0
0.0,0.0,0.0,0.0,0.0,1.0,2.0,3.0,2.0,5.0,7.0,9.0,10.0,13.0,16.0,17.0,16.0,16.0,19.0,22.0,22.0,25.0,27.0,36.0,41.0,47.0,56.0,68.0,81.0,107.0,117.0,140.0,163.0,180.0,201.0,232.0,269.0,318.0,346.0,420.0,470.0,556.0,627.0,729.0,837.0,949.0,1072.0,1202.0,1391.0,1611.0,1841.0,2137.0,2492.0,2921.0,3397.0,3937.0,4527.0,5203.0,6042.0,6952.0,7991.0,9026.0,10120.0,10995.0,11823.0,12540.0,13104.0,13514.0,13773.0,13968.0,14048.0,14112.0,14055.0,13890.0,13649.0,13379.0,13059.0,12773.0,12421.0,12076.0,11693.0,11333.0,10965.0,10551.0,10180.0,9808.0,9389.0,9023.0,8691.0
0.0,0.0,0.0,0.0,1.0,2.0,3.0,5.0,4.0,4.0,5.0,6.0,6.0,7.0,9.0,8.0,7.0,8.0,9.0,8.0,11.0,11.0,14.0,20.0,20.0,27.0,31.0,36.0,47.0,56.0,61.0,71.0,82.0,102.0,121.0,140.0,172.0,206.0,237.0,282.0,327.0,389.0,445.0,510.0,596.0,709.0,840.0,950.0,1085.0,1290.0,1487.0,1740.0,1993.0,2267.0,2595.0,2987.0,3440.0,3986.0,4621.0,5335.0,6081.0,6811.0,7535.0,8200.0,8826.0,9341.0,9828.0,10104.0,10347.0,10558.0,10582.0,10596.0,10571.0,10464.0,10298.0,10167.0,9951.0,9754.0,9489.0,9231.0,9029.0,8720.0,8461.0,8231.0,7897.0,7625.0,7281.0,6989.0,6685.0
0.0,0.0,0.0,0.0,0.0,1.0,3.0,3.0,4.0,4.0,4.0,8.0,8.0,8.0,8.0,11.0,13.0,16.0,20.0,24.0,26.0,33.0,32.0,40.0,45.0,53.0,59.0,70.0,81.0,85.0,96.0,106.0,125.0,152.0,168.0,184.0,215.0,254.0,277.0,318.0,375.0,420.0,498.0,570.0,665.0,752.0,871.0,1020.0,1203.0,1406.0,1633.0,1877.0,2197.0,2568.0,2942.0,3415.0,4018.0,4660.0,5315.0,6131.0,7038.0,7895.0,8788.0,9558.0,10282.0,10850.0,11314.0,11714.0,12046.0,12229.0,12378.0,12403.0,12428.0,12265.0,12117.0,11938.0,11686.0,11423.0,11151.0,10858.0,10549.0,10226.0,9875.0,9564.0,9166.0,8867.0,8509.0,8161.0,7812.0
0.0,0.0,0.0,0.0,0.0,0.0,1.0,2.0,4.0,2.0,3.0,3.0,5.0,4.0,4.0,4.0,5.0,6.0,7.0,5.0,5.0,5.0,6.0,8.0,9.0,7.0,9.0,11.0,9.0,10.0,12.0,12.0,12.0,15.0,18.0,19.0,21.0,30.0,34.0,40.0,49.0,59.0,64.0,80.0,96.0,108.0,125.0,147.0,169.0,199.0,233.0,285.0,317.0,376.0,435.0,518.0,595.0,683.0,785.0,899.0,1057.0,1196.0,1357.0,1472.0,1597.0,1699.0,1793.0,1843.0,1895.0,1956.0,1971.0,2001.0,1983.0,1941.0,1930.0,1928.0,1907.0,1851.0,1807.0,1770.0,1733.0,1693.0,1649.0,1596.0,1541.0,1485.0,1437.0,1368.0,1317.0
0.0,0.0,0.0,0.0,0.0,0.0,2.0,2.0,2.0,3.0,4.0,5.0,12.0,14.0,20.0,25.0,29.0,35.0,41.0,50.0,56.0,67.0,74.0,86.0,97.0,107.0,128.0,159.0,188.0,206.0,262.0,298.0,333.0,398.0,453.0,516.0,605.0,697.0,812.0,918.0,1066.0,1208.0,1401.0,1652.0,1922.0,2220.0,2577.0,2926.0,3351.0,3881.0,4472.0,5125.0,5888.0,6794.0,7847.0,8967.0,10252.0,11726.0,13402.0,15257.0,17247.0,19366.0,21406.0,23122.0,24627.0,25805.0,26871.0,27533.0,28017.0,28143.0,28191.0,28081.0,27861.0,27483.0,26974.0,26367.0,25670.0,24932.0,24242.0,23403.0,22663.0,21807.0,21023.0,20267.0,19487.0,18746.0,17931.0,17229.0,16483.0
0.0,0.0,0.0,1.0,1.0,3.0,4.0,5.0,6.0,7.0,8.0,9.0,13.0,15.0,16.0,19.0,20.0,24.0,27.0,32.0,32.0,46.0,51.0,65.0,67.0,78.0,97.0,115.0,133.0,154.0,187.0,206.0,233.0,275.0,304.0,338.0,394.0,447.0,530.0,596.0,663.0,742.0,850.0,972.0,1152.0,1364.0,1585.0,1854.0,2171.0,2506.0,2950.0,3432.0,3957.0,4520.0,5170.0,5900.0,6810.0,7701.0,8797.0,9996.0,11359.0,12750.0,14074.0,15332.0,16457.0,17381.0,18160.0,18736.0,19095.0,19283.0,19375.0,19472.0,19279.0,19077.0,18814.0,18476.0,18046.0,17580.0,17026.0,16512.0,15995.0,15469.0,14882.0,14354.0,13806.0,13266.0,12732.0,12233.0,11742.0
0.0,0.0,0.0,0.0,0.0,1.0,2.0,3.0,4.0,5.0,5.0,4.0,8.0,11.0,12.0,15.0,19.0,19.0,23.0,28.0,34.0,38.0,48.0,57.0,59.0,72.0,84.0,89.0,100.0,114.0,134.0,151.0,172.0,186.0,216.0,245.0,281.0,326.0,371.0,425.0,513.0,583.0,652.0,748.0,861.0,970.0,1142.0,1308.0,1497.0,1731.0,2033.0,2313.0,2657.0,3097.0,3580.0,4052.0,4654.0,5316.0,6112.0,6986.0,7983.0,8992.0,9887.0,10844.0,11712.0,12355.0,12867.0,13261.0,13534.0,13745.0,13906.0,13844.0,13751.0,13673.0,13499.0,13288.0,13024.0,12669.0,12310.0,11943.0,11538.0,11100.0,10679.0,10281.0,9917.0,9559.0,9207.0,8896.0,8537.0
0.0,0.0,0.0,1.0,1.0,1.0,1.0,1.0,1.0,1.0,2.0,5.0,8.0,9.0,14.0,16.0,22.0,28.0,34.0,38.0,41.0,45.0,58.0,75.0,80.0,91.0,100.0,110.0,131.0,158.0,184.0,204.0,220.0,249.0,296.0,354.0,402.0,450.0,540.0,620.0,703.0,814.0,929.0,1051.0,1189.0,1406.0,1608.0,1858.0,2117.0,2432.0,2811.0,3211.0,3696.0,4249.0,4918.0,5658.0,6468.0,7427.0,8526.0,9755.0,11084.0,12456.0,13787.0,14951.0,15947.0,16887.0,17561.0,18023.0,18409.0,18579.0,18548.0,18524.0,18399.0,18178.0,17929.0,17641.0,17291.0,16782.0,16287.0,15823.0,15351.0,14815.0,14301.0,13744.0,13238.0,12713.0,12212.0,11709.0,11263.0
0.0,0.0,0.0,0.0,0.0,0.0,0.0,0.0,3.0,4.0,7.0,8.0,12.0,15.0,15.0,19.0,24.0,25.0,27.0,34.0,42.0,50.0,64.0,72.0,81.0,102.0,113.0,135.0,153.0,181.0,207.0,245.0,294.0,348.0,432.0,508.0,588.0,700.0,842.0,993.0,1166.0,1324.0,1563.0,1781.0,2050.0,2352.0,2730.0,3105.0,3613.0,4137.0,4821.0,5559.0,6415.0,7422.0,8508.0,9903.0,11328.0,12952.0,14671.0,16622.0,18794.0,21033.0,23152.0,25047.0,26510.0,27779.0,28682.0,29372.0,29963.0,30265.0,30200.0,30165.0,29847.0,29487.0,29002.0,28395.0,27629.0,26810.0,25978.0,25103.0,24133.0,23334.0,22483.0,21631.0,20708.0,19786.0,18950.0,18162.0,17345.0
0.0,0.0,0.0,1.0,1.0,1.0,1.0,2.0,3.0,5.0,5.0,5.0,7.0,8.0,10.0,16.0,21.0,25.0,25.0,24.0,33.0,37.0,47.0,56.0,68.0,83.0,103.0,128.0,148.0,170.0,198.0,223.0,249.0,289.0,347.0,418.0,505.0,579.0,665.0,771.0,886.0,1035.0,1186.0,1343.0,1583.0,1809.0,2077.0,2420.0,2827.0,3238.0,3766.0,4302.0,4968.0,5673.0,6527.0,7418.0,8512.0,9679.0,11057.0,12565.0,14096.0,15791.0,17491.0,19025.0,20328.0,21414.0,22116.0,22726.0,23184.0,23391.0,23528.0,23535.0,23412.0,23230.0,22851.0,22411.0,21875.0,21304.0,20710.0,20085.0,19504.0,18913.0,18144.0,17455.0,16825.0,16185.0,15601.0,14958.0,14366.0
0.0,0.0,1.0,2.0,2.0,3.0,4.0,2.0,3.0,3.0,3.0,5.0,5.0,5.0,5.0,4.0,4.0,3.0,5.0,5.0,7.0,7.0,9.0,10.0,10.0,12.0,12.0,12.0,15.0,13.0,14.0,13.0,12.0,9.0,9.0,10.0,10.0,10.0,9.0,9.0,10.0,9.0,10.0,10.0,9.0,10.0,11.0,11.0,13.0,13.0,11.0,12.0,11.0,17.0,26.0,32.0,33.0,36.0,46.0,51.0,60.0,66.0,80.0,93.0,101.0,101.0,102.0,96.0,98.0,98.0,92.0,98.0,95.0,91.0,90.0,85.0,83.0,79.0,77.0,82.0,82.0,80.0,75.0,74.0,71.0,70.0,71.0,69.0,62.0
0.0,0.0,0.0,0.0,0.0,1.0,3.0,3.0,3.0,3.0,3.0,3.0,3.0,4.0,6.0,9.0,12.0,17.0,23.0,25.0,25.0,30.0,38.0,45.0,56.0,71.0,79.0,89.0,109.0,125.0,142.0,166.0,190.0,227.0,280.0,324.0,350.0,398.0,447.0,515.0,596.0,659.0,745.0,876.0,967.0,1129.0,1297.0,1533.0,1783.0,2040.0,2354.0,2712.0,3175.0,3628.0,4185.0,4791.0,5487.0,6267.0,7187.0,8245.0,9425.0,10674.0,11820.0,12852.0,13855.0,14606.0,15241.0,15670.0,15974.0,16134.0,16275.0,16208.0,16171.0,16020.0,15799.0,15535.0,15142.0,14804.0,14415.0,14033.0,13633.0,13206.0,12784.0,12340.0,11902.0,11469.0,11029.0,10570.0,10156.0
0.0,0.0,0.0,0.0,1.0,1.0,1.0,3.0,5.0,9.0,11.0,12.0,14.0,16.0,20.0,27.0,35.0,43.0,51.0,61.0,69.0,83.0,91.0,105.0,113.0,134.0,153.0,177.0,206.0,240.0,277.0,338.0,413.0,473.0,522.0,619.0,714.0,839.0,980.0,1158.0,1312.0,1502.0,1787.0,2073.0,2349.0,2683.0,3111.0,3544.0,4032.0,4716.0,5434.0,6222.0,7111.0,8230.0,9438.0,10773.0,12349.0,14019.0,16018.0,18116.0,20317.0,22575.0,24858.0,26799.0,28533.0,29815.0,30845.0,31628.0,31945.0,32177.0,32272.0,32055.0,31686.0,31271.0,30734.0,30069.0,29300.0,28488.0,27529.0,26637.0,25649.0,24682.0,23753.0,22867.0,21973.0,21070.0,20177.0,19346.0,18562.0
0.0,0.0,0.0,0.0,0.0,0.0,0.0,1.0,2.0,3.0,6.0,10.0,10.0,8.0,9.0,8.0,7.0,10.0,12.0,15.0,15.0,17.0,19.0,22.0,29.0,34.0,40.0,45.0,53.0,61.0,71.0,82.0,94.0,103.0,115.0,134.0,156.0,188.0,227.0,263.0,307.0,363.0,410.0,492.0,576.0,656.0,801.0,916.0,1079.0,1235.0,1378.0,1612.0,1878.0,2221.0,2580.0,2992.0,3471.0,3959.0,4488.0,5163.0,5868.0,6635.0,7428.0,8180.0,8734.0,9246.0,9676.0,10033.0,10296.0,10446.0,10531.0,10520.0,10451.0,10402.0,10284.0,10083.0,9903.0,9678.0,9429.0,9199.0,8940.0,8663.0,8386.0,8053.0,7802.0,7523.0,7237.0,6932.0,6673.0
0.0,0.0,0.0,0.0,0.0,1.0,1.0,1.0,3.0,3.0,5.0,4.0,4.0,4.0,4.0,4.0,5.0,6.0,8.0,11.0,16.0,17.0,25.0,29.0,31.0,39.0,47.0,53.0,60.0,68.0,75.0,98.0,105.0,119.0,143.0,166.0,190.0,204.0,243.0,283.0,332.0,392.0,437.0,507.0,598.0,699.0,817.0,947.0,1122.0,1277.0,1492.0,1706.0,1973.0,2285.0,2660.0,3095.0,3547.0,4081.0,4656.0,5298.0,6042.0,6911.0,7720.0,8422.0,9072.0,9586.0,10000.0,10403.0,10667.0,10802.0,10819.0,10839.0,10907.0,10770.0,10606.0,10383.0,10189.0,9904.0,9651.0,9382.0,9098.0,8829.0,8533.0,8243.0,7994.0,7701.0,7435.0,7101.0,6819.0
0.0,0.0,0.0,0.0,1.0,1.0,1.0,1.0,3.0,5.0,5.0,6.0,8.0,9.0,11.0,13.0,14.0,14.0,15.0,17.0,20.0,23.0,30.0,40.0,44.0,50.0,60.0,73.0,78.0,98.0,121.0,144.0,169.0,195.0,227.0,250.0,296.0,344.0,406.0,480.0,563.0,650.0,759.0,909.0,1043.0,1206.0,1392.0,1603.0,1831.0,2137.0,2444.0,2840.0,3240.0,3787.0,4349.0,4966.0,5791.0,6650.0,7690.0,8858.0,10083.0,11373.0,12504.0,13641.0,14541.0,15369.0,15989.0,16556.0,16927.0,17138.0,17297.0,17349.0,17263.0,17148.0,16978.0,16638.0,16248.0,15854.0,15431.0,14959.0,14444.0,13960.0,13535.0,13068.0,12617.0,12142.0,11700.0,11212.0,10762.0
0.0,0.0,0.0,0.0,0.0,1.0,1.0,2.0,2.0,2.0,2.0,3.0,4.0,5.0,6.0,7.0,6.0,7.0,7.0,6.0,7.0,8.0,10.0,10.0,12.0,14.0,15.0,14.0,14.0,14.0,17.0,20.0,27.0,34.0,43.0,46.0,54.0,67.0,69.0,77.0,94.0,115.0,131.0,166.0,192.0,225.0,256.0,291.0,340.0,397.0,464.0,531.0,609.0,730.0,823.0,954.0,1096.0,1263.0,1477.0,1661.0,1927.0,2138.0,2385.0,2606.0,2861.0,3010.0,3172.0,3264.0,3328.0,3406.0,3453.0,3453.0,3443.0,3405.0,3359.0,3272.0,3202.0,3143.0,3094.0,3004.0,2947.0,2851.0,2757.0,2660.0,2575.0,2497.0,2415.0,2347.0,2250.0
0.0,0.0,0.0,0.0,0.0,2.0,4.0,5.0,6.0,5.0,4.0,3.0,4.0,3.0,5.0,5.0,6.0,8.0,10.0,14.0,18.0,20.0,23.0,22.0,23.0,24.0,28.0,32.0,38.0,40.0,42.0,53.0,65.0,74.0,79.0,86.0,101.0,118.0,136.0,162.0,184.0,204.0,231.0,281.0,328.0,373.0,449.0,512.0,594.0,701.0,810.0,906.0,1085.0,1282.0,1492.0,1752.0,2041.0,2325.0,2670.0,3098.0,3544.0,4038.0,4499.0,4961.0,5328.0,5650.0,5941.0,6110.0,6259.0,6326.0,6352.0,6402.0,6421.0,6390.0,6301.0,6214.0,6075.0,5960.0,5811.0,5704.0,5559.0,5406.0,5223.0,5021.0,4854.0,4673.0,4506.0,4322.0,4145.0
0.0,0.0,0.0,0.0,0.0,1.0,3.0,6.0,7.0,10.0,12.0,17.0,19.0,25.0,28.0,31.0,32.0,42.0,47.0,56.0,70.0,73.0,85.0,95.0,107.0,133.0,157.0,177.0,207.0,256.0,296.0,345.0,384.0,452.0,519.0,590.0,687.0,799.0,910.0,1074.0,1248.0,1443.0,1656.0,1916.0,2175.0,2530.0,2905.0,3357.0,3885.0,4438.0,5117.0,5874.0,6771.0,7660.0,8835.0,10168.0,11631.0,13223.0,14968.0,17017.0,19202.0,21403.0,23586.0,25346.0,26960.0,28222.0,29268.0,29975.0,30448.0,30705.0,30744.0,30707.0,30396.0,29983.0,29409.0,28808.0,28016.0,27265.0,26462.0,25682.0,24744.0,23820.0,22924.0,22062.0,21194.0,20378.0,19565.0,18766.0,17974.0
0.0,0.0,1.0,2.0,1.0,2.0,3.0,3.0,3.0,7.0,10.0,11.0,12.0,14.0,17.0,19.0,20.0,26.0,29.0,33.0,39.0,37.0,47.0,54.0,64.0,69.0,79.0,100.0,124.0,148.0,163.0,204.0,244.0,293.0,340.0,406.0,476.0,541.0,618.0,726.0,841.0,974.0,1141.0,1328.0,1548.0,1815.0,2056.0,2339.0,2713.0,3162.0,3643.0,4112.0,4722.0,5388.0,6198.0,7033.0,8026.0,9260.0,10551.0,12049.0,13744.0,15402.0,17087.0,18542.0,19780.0,20724.0,21617.0,22223.0,22682.0,22882.0,22902.0,22845.0,22709.0,22431.0,22080.0,21601.0,21099.0,20538.0,19935.0,19303.0,18695.0,18057.0,17407.0,16723.0,16085.0,15445.0,14860.0,14255.0,13682.0
0.0,0.0,0.0,0.0,0.0,0.0,0.0,1.0,2.0,3.0,5.0,6.0,8.0,8.0,9.0,10.0,14.0,14.0,17.0,20.0,26.0,31.0,34.0,39.0,50.0,61.0,68.0,77.0,91.0,105.0,124.0,154.0,182.0,213.0,235.0,280.0,328.0,374.0,435.0,514.0,608.0,667.0,743.0,916.0,1063.0,1220.0,1409.0,1618.0,1890.0,2159.0,2505.0,2896.0,3318.0,3792.0,4413.0,5083.0,5840.0,6656.0,7580.0,8789.0,9917.0,11215.0,12447.0,13474.0,14419.0,15231.0,15917.0,16432.0,16817.0,17067.0,17168.0,17196.0,17118.0,16974.0,16729.0,16443.0,16070.0,15794.0,15404.0,15016.0,14509.0,14063.0,13619.0,13127.0,12610.0,12238.0,11830.0,11297.0,10863.0
0.0,0.0,0.0,0.0,2.0,2.0,2.0,4.0,5.0,5.0,6.0,6.0,7.0,9.0,7.0,4.0,7.0,7.0,10.0,12.0,15.0,15.0,18.0,23.0,30.0,33.0,36.0,45.0,54.0,65.0,74.0,89.0,102.0,115.0,127.0,151.0,175.0,199.0,223.0,260.0,284.0,326.0,370.0,408.0,480.0,558.0,650.0,751.0,852.0,985.0,1111.0,1270.0,1469.0,1648.0,1852.0,2157.0,2484.0,2852.0,3301.0,3808.0,4390.0,4922.0,5505.0,6034.0,6500.0,6911.0,7186.0,7401.0,7593.0,7754.0,7831.0,7880.0,7886.0,7779.0,7688.0,7546.0,7408.0,7269.0,7073.0,6876.0,6652.0,6418.0,6206.0,5982.0,5778.0,5577.0,5385.0,5117.0,4937.0
