0.0	0.0	0.0	0.0	0.0	0.0	0.0	0.0	0.0	0.0	0.0	0.0	0.0	0.0	0.0	0.0	0.0	0.0	0.0	0.0	0.0	0.0	0.0	0.0	0.0	0.0	0.0	0.0	0.0	0.0	0.0	0.0	1.0	1.0	0.0	0.0	0.0	1.0	1.0	0.0	0.0	0.0	0.0	1.0	1.0	1.0	1.0	0.0	0.0	0.0	0.0	0.0	0.0	0.0	0.0	0.0	0.0	1.0	1.0	1.0	1.0	1.0	1.0	1.0	2.0	1.0	1.0	3.0	3.0	4.0	4.0	5.0	2.0	2.0	2.0	3.0	5.0	6.0	7.0	9.0	12.0	11.0	13.0	17.0	20.0	19.0	22.0	22.0	25.0	27.0	31.0	32.0	34.0	40.0	43.0	41.0	44.0	46.0	47.0	51.0	51.0	55.0	66.0	67.0	72.0	73.0	83.0	87.0	102.0	110.0	113.0	128.0
0.0	0.0	0.0	0.0	0.0	0.0	0.0	0.0	0.0	0.0	0.0	0.0	0.0	0.0	1.0	1.0	1.0	0.0	0.0	0.0	0.0	0.0	0.0	0.0	0.0	0.0	0.0	0.0	0.0	0.0	0.0	0.0	0.0	0.0	0.0	0.0	0.0	0.0	0.0	0.0	0.0	0.0	0.0	0.0	0.0	0.0	0.0	0.0	0.0	1.0	0.0	1.0	3.0	3.0	2.0	2.0	3.0	2.0	2.0	2.0	3.0	6.0	5.0	7.0	7.0	8.0	8.0	7.0	7.0	6.0	4.0	6.0	5.0	5.0	7.0	6.0	7.0	11.0	9.0	10.0	9.0	12.0	13.0	14.0	19.0	24.0	29.0	29.0	33.0	36.0	39.0	45.0	46.0	53.0	58.0	64.0	61.0	62.0	73.0	76.0	90.0	92.0	96.0	105.0	116.0	127.0	123.0	129.0	135.0	144.0	142.0	152.0
0.0	0.0	0.0	0.0	0.0	0.0	0.0	0.0	0.0	0.0	0.0	0.0	0.0	0.0	0.0	0.0	0.0	0.0	0.0	0.0	0.0	1.0	1.0	1.0	1.0	1.0	0.0	0.0	0.0	0.0	0.0	0.0	1.0	1.0	1.0	1.0	1.0	1.0	1.0	1.0	1.0	2.0	2.0	2.0	3.0	4.0	6.0	5.0	5.0	6.0	6.0	6.0	9.0	8.0	10.0	9.0	9.0	9.0	9.0	9.0	11.0	15.0	16.0	19.0	19.0	21.0	27.0	30.0	32.0	35.0	36.0	40.0	45.0	49.0	49.0	58.0	58.0	63.0	67.0	70.0	69.0	74.0	75.0	73.0	75.0	80.0	81.0	80.0	94.0	104.0	117.0	130.0	134.0	135.0	147.0	163.0	177.0	177.0	187.0	198.0	210.0	230.0	235.0	246.0	265.0	272.0	287.0	299.0	312.0	326.0	338.0	356.0
0.0	0.0	0.0	0.0	0.0	0.0	0.0	0.0	0.0	0.0	0.0	0.0	0.0	0.0	0.0	0.0	0.0	0.0	0.0	0.0	0.0	0.0	0.0	0.0	0.0	0.0	0.0	0.0	0.0	1.0	1.0	1.0	0.0	0.0	0.0	0.0	0.0	0.0	0.0	0.0	0.0	0.0	0.0	0.0	0.0	0.0	0.0	0.0	0.0	0.0	0.0	0.0	0.0	0.0	0.0	0.0	0.0	0.0	0.0	0.0	0.0	0.0	0.0	0.0	0.0	0.0	0.0	0.0	0.0	0.0	1.0	0.0	0.0	0.0	0.0	0.0	0.0	0.0	1.0	2.0	1.0	3.0	2.0	3.0	4.0	3.0	5.0	4.0	4.0	5.0	8.0	8.0	8.0	9.0	9.0	10.0	10.0	11.0	8.0	10.0	15.0	15.0	16.0	18.0	15.0	18.0	20.0	21.0	24.0	30.0	32.0	33.0
0.0	0.0	0.0	0.0	0.0	0.0	0.0	0.0	0.0	0.0	0.0	0.0	0.0	0.0	0.0	0.0	0.0	0.0	0.0	0.0	0.0	0.0	0.0	0.0	0.0	0.0	0.0	0.0	0.0	0.0	0.0	0.0	0.0	0.0	0.0	0.0	0.0	0.0	0.0	0.0	0.0	0.0	0.0	0.0	1.0	1.0	1.0	0.0	0.0	0.0	0.0	0.0	1.0	1.0	0.0	1.0	3.0	3.0	2.0	3.0	2.0	3.0	3.0	3.0	4.0	8.0	9.0	13.0	12.0	14.0	11.0	13.0	14.0	19.0	20.0	21.0	18.0	20.0	21.0	21.0	20.0	23.0	29.0	33.0	34.0	37.0	38.0	39.0	42.0	48.0	52.0	57.0	57.0	66.0	72.0	87.0	89.0	91.0	105.0	113.0	112.0	114.0	133.0	148.0	162.0	169.0	178.0	184.0	197.0	203.0	207.0	222.0
0.0	0.0	0.0	0.0	0.0	0.0	0.0	0.0	0.0	0.0	0.0	0.0	0.0	0.0	0.0	0.0	0.0	0.0	0.0	0.0	0.0	0.0	0.0	0.0	0.0	0.0	0.0	0.0	0.0	0.0	0.0	0.0	0.0	0.0	0.0	0.0	0.0	0.0	0.0	0.0	0.0	0.0	0.0	0.0	0.0	0.0	0.0	0.0	0.0	0.0	0.0	0.0	0.0	0.0	0.0	0.0	0.0	0.0	0.0	0.0	0.0	0.0	0.0	0.0	0.0	0.0	0.0	0.0	0.0	0.0	0.0	0.0	0.0	0.0	0.0	0.0	0.0	0.0	0.0	0.0	0.0	0.0	0.0	0.0	0.0	0.0	0.0	0.0	0.0	0.0	0.0	0.0	0.0	0.0	0.0	0.0	0.0	0.0	0.0	0.0	0.0	0.0	0.0	0.0	0.0	0.0	0.0	0.0	0.0	0.0	0.0	0.0
0.0	0.0	0.0	0.0	0.0	0.0	0.0	0.0	0.0	0.0	0.0	0.0	0.0	0.0	0.0	0.0	0.0	0.0	0.0	0.0	0.0	0.0	0.0	0.0	0.0	0.0	0.0	0.0	0.0	0.0	0.0	0.0	0.0	0.0	0.0	0.0	0.0	0.0	0.0	0.0	0.0	0.0	0.0	0.0	0.0	0.0	0.0	0.0	0.0	0.0	0.0	0.0	0.0	2.0	3.0	5.0	4.0	5.0	6.0	5.0	4.0	6.0	5.0	5.0	8.0	8.0	9.0	11.0	14.0	15.0	17.0	18.0	21.0	22.0	25.0	26.0	28.0	35.0	38.0	37.0	35.0	35.0	38.0	45.0	46.0	55.0	66.0	72.0	74.0	72.0	76.0	73.0	82.0	90.0	96.0	97.0	98.0	98.0	114.0	127.0	138.0	154.0	155.0	162.0	171.0	181.0	193.0	212.0	225.0	247.0	252.0	274.0
0.0	0.0	0.0	0.0	0.0	0.0	0.0	0.0	0.0	0.0	0.0	0.0	0.0	1.0	1.0	1.0	1.0	1.0	1.0	1.0	1.0	1.0	1.0	1.0	1.0	1.0	1.0	1.0	0.0	0.0	0.0	0.0	0.0	0.0	0.0	0.0	0.0	0.0	0.0	0.0	0.0	0.0	0.0	0.0	0.0	0.0	0.0	0.0	0.0	0.0	0.0	0.0	0.0	1.0	1.0	1.0	0.0	1.0	1.0	1.0	1.0	1.0	1.0	2.0	2.0	2.0	1.0	1.0	2.0	2.0	2.0	2.0	0.0	0.0	0.0	0.0	0.0	1.0	2.0	3.0	3.0	2.0	2.0	4.0	2.0	3.0	3.0	4.0	3.0	5.0	6.0	9.0	11.0	14.0	14.0	14.0	14.0	14.0	15.0	16.0	16.0	13.0	16.0	17.0	19.0	24.0	22.0	23.0	26.0	30.0	29.0	33.0
0.0	0.0	0.0	0.0	0.0	0.0	0.0	0.0	0.0	0.0	0.0	0.0	0.0	0.0	0.0	0.0	0.0	0.0	0.0	0.0	0.0	0.0	0.0	0.0	0.0	0.0	0.0	0.0	0.0	0.0	0.0	0.0	0.0	0.0	0.0	0.0	0.0	0.0	0.0	0.0	0.0	0.0	0.0	0.0	0.0	0.0	0.0	0.0	0.0	0.0	0.0	0.0	0.0	0.0	0.0	0.0	0.0	0.0	0.0	0.0	0.0	0.0	0.0	0.0	0.0	0.0	0.0	0.0	1.0	1.0	2.0	0.0	1.0	1.0	1.0	0.0	0.0	0.0	0.0	0.0	1.0	0.0	1.0	1.0	2.0	1.0	2.0	1.0	1.0	1.0	2.0	2.0	3.0	5.0	4.0	5.0	5.0	7.0	5.0	7.0	7.0	8.0	9.0	11.0	12.0	15.0	16.0	14.0	13.0	17.0	19.0	20.0
0.0	0.0	0.0	0.0	0.0	0.0	0.0	0.0	0.0	0.0	0.0	0.0	0.0	0.0	0.0	0.0	0.0	0.0	0.0	0.0	0.0	0.0	0.0	0.0	0.0	0.0	0.0	0.0	0.0	0.0	1.0	1.0	1.0	1.0	1.0	1.0	1.0	1.0	2.0	1.0	1.0	1.0	1.0	1.0	1.0	1.0	1.0	1.0	1.0	2.0	3.0	4.0	4.0	5.0	5.0	4.0	3.0	2.0	4.0	4.0	5.0	5.0	9.0	9.0	11.0	15.0	16.0	19.0	19.0	18.0	18.0	23.0	27.0	28.0	35.0	46.0	51.0	50.0	52.0	53.0	54.0	67.0	67.0	70.0	76.0	88.0	84.0	85.0	89.0	91.0	100.0	108.0	117.0	129.0	144.0	146.0	149.0	150.0	161.0	176.0	191.0	200.0	215.0	231.0	241.0	255.0	270.0	286.0	281.0	280.0	306.0	327.0
0.0	0.0	0.0	0.0	0.0	0.0	0.0	0.0	0.0	0.0	0.0	0.0	0.0	0.0	0.0	0.0	0.0	1.0	1.0	1.0	1.0	1.0	1.0	1.0	1.0	2.0	2.0	2.0	2.0	1.0	1.0	1.0	1.0	1.0	1.0	1.0	1.0	1.0	1.0	2.0	3.0	3.0	1.0	1.0	1.0	1.0	3.0	3.0	4.0	4.0	5.0	5.0	5.0	4.0	4.0	5.0	6.0	6.0	6.0	6.0	7.0	7.0	9.0	9.0	9.0	12.0	10.0	11.0	12.0	14.0	12.0	11.0	12.0	14.0	15.0	17.0	17.0	20.0	24.0	25.0	30.0	32.0	32.0	33.0	33.0	33.0	39.0	50.0	51.0	58.0	60.0	63.0	68.0	76.0	84.0	86.0	91.0	90.0	96.0	99.0	105.0	113.0	126.0	145.0	161.0	172.0	181.0	199.0	212.0	231.0	232.0	231.0
0.0	0.0	0.0	0.0	0.0	0.0	0.0	0.0	0.0	0.0	0.0	0.0	0.0	0.0	0.0	0.0	0.0	0.0	0.0	0.0	0.0	0.0	0.0	0.0	0.0	0.0	0.0	0.0	0.0	0.0	0.0	0.0	0.0	0.0	0.0	0.0	0.0	0.0	0.0	0.0	0.0	0.0	0.0	0.0	0.0	0.0	0.0	0.0	0.0	0.0	0.0	0.0	0.0	0.0	0.0	0.0	0.0	0.0	0.0	0.0	0.0	0.0	0.0	0.0	0.0	0.0	0.0	0.0	0.0	0.0	0.0	0.0	0.0	0.0	0.0	0.0	0.0	0.0	0.0	0.0	0.0	0.0	0.0	0.0	0.0	0.0	0.0	0.0	0.0	0.0	0.0	0.0	0.0	0.0	0.0	0.0	0.0	0.0	0.0	0.0	0.0	0.0	0.0	0.0	0.0	0.0	0.0	0.0	0.0	0.0	0.0	0.0
0.0	0.0	0.0	0.0	0.0	0.0	0.0	0.0	0.0	0.0	0.0	0.0	0.0	0.0	1.0	1.0	1.0	1.0	1.0	1.0	1.0	1.0	1.0	1.0	1.0	1.0	1.0	1.0	1.0	1.0	1.0	1.0	1.0	1.0	1.0	1.0	1.0	1.0	1.0	1.0	1.0	1.0	1.0	1.0	1.0	1.0	1.0	1.0	1.0	1.0	2.0	1.0	1.0	1.0	1.0	1.0	1.0	1.0	1.0	1.0	1.0	1.0	1.0	0.0	0.0	0.0	0.0	0.0	1.0	1.0	2.0	2.0	2.0	3.0	3.0	4.0	3.0	5.0	6.0	4.0	5.0	7.0	6.0	7.0	8.0	8.0	6.0	6.0	11.0	11.0	13.0	19.0	19.0	20.0	28.0	28.0	32.0	37.0	36.0	37.0	41.0	43.0	50.0	50.0	54.0	57.0	65.0	69.0	76.0	75.0	82.0	89.0
0.0	0.0	0.0	0.0	0.0	0.0	0.0	0.0	0.0	0.0	0.0	0.0	0.0	0.0	0.0	0.0	0.0	0.0	0.0	0.0	0.0	0.0	0.0	0.0	0.0	0.0	0.0	0.0	0.0	0.0	0.0	0.0	0.0	0.0	0.0	0.0	0.0	0.0	0.0	1.0	1.0	1.0	1.0	1.0	1.0	0.0	0.0	3.0	3.0	2.0	3.0	3.0	5.0	4.0	4.0	2.0	4.0	8.0	7.0	10.0	11.0	12.0	11.0	11.0	10.0	12.0	16.0	18.0	18.0	17.0	23.0	27.0	29.0	32.0	32.0	37.0	34.0	35.0	40.0	42.0	39.0	41.0	40.0	44.0	42.0	47.0	53.0	53.0	65.0	71.0	68.0	70.0	88.0	99.0	117.0	118.0	131.0	133.0	141.0	150.0	173.0	199.0	209.0	211.0	226.0	225.0	223.0	253.0	276.0	281.0	300.0	314.0
0.0	0.0	0.0	0.0	0.0	0.0	0.0	0.0	0.0	0.0	0.0	0.0	0.0	0.0	0.0	0.0	0.0	0.0	0.0	0.0	0.0	0.0	0.0	0.0	0.0	0.0	0.0	0.0	0.0	0.0	0.0	0.0	0.0	0.0	0.0	0.0	0.0	0.0	0.0	0.0	0.0	0.0	1.0	1.0	1.0	2.0	2.0	3.0	3.0	3.0	5.0	5.0	8.0	6.0	6.0	6.0	7.0	8.0	8.0	11.0	13.0	12.0	12.0	11.0	16.0	15.0	19.0	23.0	32.0	37.0	35.0	33.0	36.0	34.0	40.0	50.0	56.0	65.0	72.0	73.0	76.0	81.0	86.0	102.0	107.0	118.0	122.0	129.0	136.0	144.0	132.0	144.0	153.0	172.0	185.0	186.0	191.0	204.0	220.0	222.0	237.0	259.0	262.0	271.0	282.0	294.0	305.0	321.0	345.0	351.0	373.0	389.0
0.0	0.0	0.0	0.0	0.0	0.0	0.0	0.0	0.0	0.0	0.0	0.0	0.0	0.0	0.0	0.0	0.0	0.0	0.0	0.0	0.0	0.0	0.0	0.0	0.0	0.0	0.0	0.0	0.0	0.0	0.0	0.0	0.0	0.0	0.0	1.0	1.0	0.0	1.0	1.0	1.0	2.0	1.0	2.0	2.0	2.0	3.0	4.0	5.0	5.0	4.0	4.0	5.0	5.0	6.0	7.0	10.0	9.0	10.0	8.0	8.0	11.0	11.0	13.0	14.0	14.0	15.0	19.0	18.0	19.0	21.0	24.0	25.0	25.0	25.0	26.0	31.0	33.0	27.0	22.0	30.0	34.0	39.0	46.0	51.0	56.0	64.0	63.0	66.0	67.0	77.0	88.0	100.0	113.0	113.0	122.0	126.0	139.0	147.0	169.0	174.0	185.0	200.0	197.0	211.0	216.0	230.0	246.0	246.0	257.0	275.0	291.0
0.0	0.0	0.0	0.0	0.0	0.0	0.0	0.0	0.0	0.0	0.0	0.0	0.0	0.0	0.0	0.0	0.0	0.0	0.0	0.0	0.0	0.0	0.0	0.0	0.0	0.0	0.0	0.0	0.0	0.0	0.0	0.0	0.0	0.0	0.0	0.0	0.0	0.0	1.0	1.0	1.0	1.0	1.0	2.0	2.0	3.0	3.0	4.0	3.0	4.0	4.0	3.0	6.0	5.0	5.0	8.0	10.0	14.0	15.0	16.0	20.0	20.0	22.0	22.0	22.0	26.0	28.0	26.0	27.0	27.0	32.0	32.0	34.0	40.0	48.0	47.0	45.0	52.0	66.0	80.0	83.0	86.0	94.0	94.0	96.0	100.0	109.0	121.0	130.0	140.0	148.0	156.0	175.0	201.0	211.0	219.0	222.0	236.0	247.0	255.0	267.0	284.0	288.0	311.0	328.0	348.0	362.0	381.0	389.0	409.0	426.0	430.0
0.0	0.0	0.0	0.0	0.0	0.0	0.0	0.0	0.0	0.0	0.0	0.0	0.0	0.0	0.0	0.0	0.0	0.0	0.0	0.0	0.0	0.0	0.0	0.0	0.0	0.0	1.0	1.0	1.0	1.0	1.0	1.0	1.0	0.0	0.0	0.0	0.0	0.0	0.0	0.0	0.0	0.0	0.0	2.0	1.0	2.0	4.0	3.0	4.0	6.0	6.0	6.0	6.0	6.0	6.0	5.0	5.0	6.0	8.0	7.0	5.0	5.0	7.0	10.0	9.0	10.0	9.0	10.0	11.0	12.0	14.0	19.0	18.0	20.0	20.0	17.0	22.0	20.0	21.0	20.0	25.0	28.0	30.0	30.0	38.0	40.0	47.0	56.0	52.0	56.0	60.0	68.0	77.0	87.0	88.0	90.0	100.0	108.0	109.0	127.0	150.0	145.0	161.0	174.0	189.0	205.0	216.0	232.0	247.0	251.0	251.0	264.0
0.0	0.0	0.0	0.0	0.0	0.0	0.0	0.0	0.0	0.0	0.0	0.0	0.0	0.0	0.0	0.0	0.0	0.0	0.0	0.0	0.0	0.0	0.0	0.0	0.0	0.0	0.0	0.0	0.0	0.0	2.0	2.0	3.0	3.0	3.0	3.0	3.0	3.0	3.0	3.0	2.0	2.0	2.0	2.0	2.0	3.0	5.0	5.0	5.0	5.0	5.0	5.0	7.0	7.0	7.0	7.0	8.0	8.0	9.0	11.0	11.0	10.0	12.0	11.0	12.0	16.0	16.0	20.0	23.0	24.0	29.0	34.0	37.0	37.0	39.0	39.0	40.0	47.0	49.0	52.0	59.0	64.0	70.0	83.0	89.0	87.0	101.0	111.0	110.0	118.0	119.0	126.0	123.0	139.0	157.0	164.0	163.0	169.0	176.0	186.0	195.0	201.0	208.0	226.0	236.0	248.0	262.0	272.0	290.0	300.0	318.0	333.0
0.0	0.0	0.0	0.0	0.0	0.0	0.0	0.0	0.0	0.0	0.0	0.0	0.0	0.0	0.0	0.0	0.0	0.0	0.0	0.0	0.0	0.0	0.0	0.0	0.0	0.0	0.0	0.0	0.0	0.0	0.0	1.0	1.0	2.0	1.0	1.0	1.0	1.0	3.0	2.0	2.0	1.0	1.0	2.0	2.0	2.0	2.0	2.0	3.0	3.0	2.0	3.0	3.0	2.0	3.0	3.0	3.0	4.0	2.0	6.0	6.0	7.0	7.0	11.0	12.0	13.0	15.0	16.0	18.0	21.0	21.0	28.0	32.0	33.0	33.0	30.0	31.0	31.0	33.0	39.0	45.0	49.0	52.0	58.0	56.0	61.0	66.0	85.0	93.0	81.0	92.0	102.0	102.0	124.0	135.0	139.0	157.0	157.0	166.0	166.0	185.0	192.0	209.0	216.0	227.0	234.0	248.0	247.0	253.0	265.0	278.0	299.0
0.0	0.0	0.0	0.0	0.0	0.0	0.0	0.0	0.0	0.0	0.0	0.0	0.0	0.0	0.0	0.0	0.0	0.0	0.0	0.0	0.0	0.0	0.0	0.0	0.0	0.0	0.0	0.0	0.0	0.0	0.0	0.0	0.0	0.0	0.0	0.0	0.0	0.0	0.0	0.0	0.0	0.0	0.0	0.0	0.0	0.0	0.0	0.0	0.0	0.0	0.0	1.0	1.0	1.0	1.0	1.0	1.0	1.0	1.0	1.0	1.0	1.0	2.0	2.0	1.0	1.0	1.0	1.0	1.0	1.0	1.0	1.0	1.0	1.0	2.0	2.0	2.0	2.0	2.0	2.0	3.0	3.0	2.0	2.0	3.0	3.0	3.0	3.0	3.0	3.0	4.0	4.0	3.0	4.0	5.0	5.0	4.0	4.0	6.0	4.0	5.0	6.0	7.0	8.0	8.0	10.0	11.0	14.0	14.0	17.0	19.0	18.0
0.0	0.0	0.0	0.0	0.0	0.0	0.0	0.0	0.0	0.0	0.0	0.0	0.0	0.0	0.0	0.0	0.0	0.0	0.0	0.0	0.0	0.0	0.0	0.0	0.0	0.0	0.0	0.0	0.0	0.0	0.0	0.0	0.0	0.0	0.0	0.0	0.0	0.0	1.0	1.0	1.0	1.0	1.0	2.0	1.0	2.0	2.0	1.0	0.0	0.0	0.0	1.0	1.0	1.0	1.0	1.0	2.0	2.0	5.0	6.0	6.0	6.0	6.0	9.0	11.0	11.0	13.0	13.0	16.0	21.0	22.0	24.0	27.0	31.0	26.0	25.0	26.0	30.0	34.0	35.0	40.0	44.0	51.0	50.0	61.0	67.0	72.0	74.0	88.0	93.0	93.0	105.0	112.0	113.0	110.0	119.0	125.0	153.0	167.0	176.0	180.0	191.0	190.0	208.0	219.0	234.0	245.0	258.0	263.0	264.0	277.0	304.0
0.0	0.0	0.0	0.0	0.0	0.0	0.0	0.0	0.0	0.0	0.0	0.0	0.0	0.0	0.0	0.0	0.0	0.0	0.0	0.0	0.0	0.0	0.0	0.0	0.0	0.0	0.0	0.0	0.0	0.0	0.0	0.0	0.0	0.0	0.0	0.0	0.0	0.0	0.0	0.0	0.0	0.0	0.0	0.0	1.0	1.0	1.0	0.0	0.0	0.0	0.0	2.0	2.0	3.0	3.0	3.0	3.0	5.0	5.0	3.0	2.0	5.0	4.0	6.0	6.0	10.0	12.0	12.0	15.0	18.0	21.0	19.0	20.0	17.0	22.0	22.0	27.0	30.0	24.0	24.0	28.0	30.0	31.0	32.0	34.0	37.0	40.0	43.0	50.0	50.0	58.0	63.0	63.0	73.0	78.0	82.0	86.0	93.0	110.0	110.0	118.0	123.0	128.0	138.0	150.0	162.0	178.0	186.0	200.0	210.0	226.0	238.0
0.0	0.0	0.0	0.0	0.0	0.0	0.0	0.0	0.0	0.0	0.0	0.0	0.0	0.0	0.0	0.0	0.0	0.0	0.0	0.0	0.0	0.0	0.0	0.0	0.0	0.0	0.0	0.0	0.0	0.0	0.0	1.0	1.0	1.0	1.0	1.0	1.0	1.0	1.0	0.0	0.0	0.0	0.0	1.0	1.0	1.0	1.0	1.0	1.0	1.0	2.0	2.0	3.0	4.0	6.0	5.0	6.0	4.0	6.0	6.0	7.0	7.0	7.0	9.0	10.0	9.0	11.0	11.0	15.0	20.0	19.0	23.0	25.0	28.0	32.0	32.0	35.0	35.0	37.0	43.0	44.0	46.0	46.0	47.0	56.0	61.0	66.0	77.0	92.0	101.0	104.0	105.0	110.0	123.0	141.0	150.0	151.0	165.0	174.0	173.0	181.0	192.0	197.0	210.0	218.0	238.0	243.0	254.0	259.0	284.0	288.0	290.0
0.0	0.0	0.0	0.0	0.0	0.0	0.0	0.0	0.0	0.0	0.0	0.0	0.0	0.0	0.0	0.0	0.0	0.0	0.0	0.0	0.0	0.0	0.0	0.0	0.0	0.0	0.0	0.0	0.0	1.0	1.0	1.0	0.0	0.0	0.0	0.0	0.0	1.0	1.0	1.0	1.0	0.0	0.0	0.0	0.0	0.0	0.0	0.0	0.0	1.0	1.0	1.0	1.0	1.0	2.0	4.0	5.0	4.0	4.0	4.0	3.0	2.0	4.0	7.0	7.0	10.0	10.0	11.0	11.0	15.0	19.0	21.0	32.0	30.0	34.0	34.0	32.0	31.0	37.0	34.0	37.0	34.0	38.0	50.0	54.0	59.0	68.0	79.0	76.0	71.0	79.0	88.0	96.0	103.0	109.0	114.0	118.0	132.0	144.0	147.0	158.0	166.0	178.0	189.0	200.0	213.0	235.0	240.0	255.0	269.0	292.0	306.0
0.0	0.0	0.0	0.0	0.0	0.0	0.0	0.0	0.0	0.0	0.0	0.0	0.0	0.0	0.0	0.0	0.0	0.0	0.0	0.0	0.0	0.0	0.0	0.0	0.0	0.0	0.0	0.0	0.0	1.0	1.0	1.0	1.0	1.0	1.0	1.0	1.0	1.0	1.0	1.0	1.0	1.0	1.0	1.0	1.0	1.0	1.0	1.0	2.0	3.0	3.0	5.0	5.0	8.0	9.0	12.0	12.0	14.0	12.0	12.0	10.0	12.0	15.0	14.0	18.0	18.0	20.0	26.0	25.0	27.0	29.0	27.0	31.0	39.0	39.0	43.0	48.0	49.0	51.0	52.0	52.0	59.0	64.0	72.0	66.0	66.0	69.0	67.0	72.0	83.0	80.0	90.0	96.0	103.0	118.0	140.0	140.0	140.0	148.0	158.0	174.0	189.0	186.0	191.0	206.0	227.0	225.0	242.0	266.0	284.0	301.0	308.0
0.0	0.0	0.0	0.0	0.0	0.0	0.0	0.0	0.0	0.0	0.0	0.0	0.0	0.0	0.0	0.0	0.0	0.0	0.0	0.0	0.0	0.0	0.0	0.0	0.0	0.0	0.0	0.0	0.0	0.0	0.0	0.0	0.0	0.0	0.0	0.0	0.0	0.0	0.0	0.0	0.0	0.0	1.0	2.0	2.0	0.0	0.0	0.0	0.0	0.0	0.0	0.0	0.0	0.0	0.0	1.0	2.0	3.0	3.0	3.0	4.0	5.0	6.0	7.0	7.0	9.0	11.0	12.0	14.0	14.0	15.0	18.0	19.0	17.0	16.0	18.0	19.0	22.0	23.0	23.0	25.0	30.0	32.0	36.0	40.0	39.0	41.0	47.0	51.0	53.0	60.0	54.0	62.0	68.0	77.0	80.0	85.0	94.0	100.0	102.0	110.0	114.0	134.0	146.0	155.0	169.0	187.0	200.0	201.0	215.0	228.0	233.0
0.0	0.0	0.0	0.0	0.0	0.0	0.0	0.0	0.0	0.0	0.0	0.0	0.0	0.0	0.0	0.0	0.0	0.0	0.0	0.0	0.0	0.0	0.0	0.0	0.0	0.0	0.0	0.0	0.0	0.0	1.0	1.0	1.0	0.0	0.0	0.0	0.0	0.0	0.0	0.0	0.0	0.0	0.0	0.0	0.0	0.0	0.0	0.0	0.0	3.0	4.0	5.0	3.0	3.0	3.0	2.0	2.0	2.0	2.0	2.0	2.0	2.0	5.0	7.0	8.0	10.0	12.0	18.0	16.0	21.0	24.0	26.0	24.0	23.0	27.0	29.0	32.0	34.0	34.0	37.0	39.0	43.0	51.0	53.0	54.0	59.0	65.0	64.0	64.0	71.0	78.0	82.0	91.0	97.0	97.0	97.0	114.0	126.0	136.0	144.0	157.0	162.0	173.0	177.0	206.0	209.0	236.0	240.0	252.0	253.0	271.0	290.0
0.0	0.0	0.0	0.0	0.0	0.0	0.0	0.0	0.0	0.0	0.0	0.0	0.0	0.0	0.0	0.0	0.0	0.0	0.0	0.0	0.0	0.0	0.0	0.0	0.0	0.0	0.0	0.0	0.0	0.0	0.0	0.0	0.0	0.0	0.0	0.0	0.0	0.0	0.0	0.0	0.0	0.0	0.0	0.0	0.0	0.0	0.0	0.0	0.0	0.0	1.0	1.0	1.0	2.0	2.0	2.0	1.0	2.0	3.0	4.0	3.0	2.0	4.0	5.0	7.0	8.0	13.0	15.0	15.0	15.0	15.0	15.0	22.0	28.0	28.0	31.0	30.0	30.0	35.0	32.0	36.0	38.0	36.0	41.0	43.0	49.0	52.0	52.0	57.0	57.0	62.0	57.0	67.0	70.0	76.0	81.0	83.0	92.0	100.0	105.0	119.0	127.0	137.0	147.0	158.0	162.0	179.0	186.0	189.0	195.0	201.0	209.0
0.0	0.0	0.0	0.0	0.0	0.0	0.0	0.0	0.0	0.0	0.0	0.0	0.0	0.0	0.0	0.0	0.0	0.0	0.0	0.0	0.0	0.0	0.0	0.0	0.0	0.0	1.0	1.0	1.0	2.0	2.0	1.0	1.0	1.0	1.0	1.0	1.0	1.0	1.0	1.0	1.0	2.0	1.0	1.0	1.0	2.0	2.0	2.0	2.0	3.0	4.0	4.0	3.0	5.0	5.0	6.0	6.0	6.0	12.0	14.0	18.0	22.0	23.0	28.0	30.0	31.0	37.0	40.0	42.0	47.0	51.0	59.0	65.0	71.0	84.0	90.0	94.0	104.0	103.0	109.0	118.0	116.0	122.0	125.0	134.0	143.0	151.0	165.0	177.0	186.0	195.0	205.0	222.0	228.0	240.0	248.0	286.0	313.0	320.0	331.0	339.0	344.0	336.0	350.0	355.0	358.0	362.0	380.0	396.0	395.0	397.0	417.0
0.0	0.0	0.0	0.0	0.0	0.0	0.0	0.0	0.0	0.0	0.0	0.0	0.0	0.0	0.0	0.0	0.0	0.0	0.0	0.0	0.0	0.0	0.0	0.0	0.0	0.0	0.0	1.0	1.0	1.0	2.0	2.0	2.0	1.0	1.0	1.0	1.0	1.0	1.0	1.0	1.0	1.0	1.0	1.0	1.0	1.0	1.0	1.0	1.0	1.0	1.0	1.0	1.0	1.0	0.0	0.0	0.0	0.0	1.0	1.0	0.0	0.0	0.0	0.0	0.0	0.0	0.0	1.0	3.0	4.0	3.0	2.0	3.0	4.0	6.0	8.0	7.0	9.0	8.0	7.0	5.0	7.0	9.0	10.0	11.0	10.0	12.0	13.0	11.0	13.0	13.0	15.0	14.0	19.0	24.0	25.0	30.0	35.0	39.0	40.0	44.0	50.0	53.0	66.0	72.0	76.0	73.0	78.0	78.0	83.0	92.0	99.0
0.0	0.0	0.0	0.0	0.0	0.0	0.0	0.0	0.0	0.0	0.0	0.0	0.0	0.0	0.0	0.0	0.0	0.0	0.0	0.0	0.0	0.0	0.0	0.0	0.0	0.0	0.0	0.0	0.0	1.0	1.0	1.0	1.0	1.0	1.0	1.0	1.0	1.0	1.0	0.0	0.0	0.0	0.0	0.0	0.0	0.0	0.0	0.0	0.0	0.0	0.0	0.0	0.0	0.0	0.0	0.0	0.0	0.0	0.0	0.0	0.0	0.0	0.0	0.0	0.0	0.0	0.0	0.0	1.0	3.0	3.0	4.0	4.0	4.0	7.0	5.0	5.0	8.0	9.0	14.0	14.0	10.0	11.0	12.0	17.0	18.0	20.0	24.0	30.0	25.0	25.0	29.0	34.0	32.0	30.0	29.0	38.0	45.0	47.0	45.0	51.0	55.0	60.0	64.0	70.0	80.0	82.0	91.0	90.0	101.0	97.0	97.0
0.0	0.0	0.0	0.0	0.0	0.0	0.0	0.0	0.0	0.0	0.0	0.0	0.0	0.0	0.0	0.0	0.0	0.0	0.0	0.0	0.0	0.0	0.0	0.0	0.0	0.0	0.0	0.0	0.0	0.0	0.0	0.0	0.0	0.0	0.0	0.0	0.0	0.0	0.0	0.0	0.0	0.0	0.0	0.0	0.0	0.0	0.0	0.0	0.0	1.0	1.0	1.0	0.0	0.0	0.0	0.0	1.0	1.0	0.0	0.0	1.0	1.0	3.0	3.0	2.0	3.0	7.0	7.0	5.0	5.0	7.0	7.0	6.0	5.0	7.0	6.0	8.0	8.0	9.0	11.0	13.0	15.0	18.0	19.0	20.0	21.0	23.0	30.0	30.0	35.0	34.0	34.0	40.0	48.0	50.0	58.0	62.0	63.0	66.0	77.0	86.0	92.0	94.0	96.0	110.0	114.0	121.0	134.0	146.0	149.0	164.0	169.0
0.0	0.0	0.0	0.0	0.0	0.0	0.0	0.0	0.0	0.0	0.0	0.0	0.0	0.0	0.0	0.0	0.0	0.0	0.0	0.0	0.0	0.0	0.0	0.0	0.0	0.0	0.0	0.0	0.0	0.0	0.0	0.0	0.0	0.0	0.0	0.0	0.0	0.0	0.0	0.0	1.0	2.0	2.0	2.0	2.0	2.0	3.0	5.0	6.0	7.0	8.0	9.0	9.0	9.0	9.0	8.0	9.0	9.0	9.0	11.0	10.0	10.0	13.0	13.0	12.0	14.0	13.0	14.0	16.0	22.0	23.0	27.0	32.0	42.0	45.0	43.0	45.0	45.0	50.0	57.0	61.0	70.0	76.0	81.0	90.0	98.0	105.0	122.0	130.0	136.0	146.0	143.0	144.0	152.0	149.0	148.0	161.0	166.0	185.0	184.0	192.0	200.0	223.0	227.0	245.0	260.0	255.0	279.0	300.0	320.0	337.0	339.0
0.0	0.0	0.0	0.0	0.0	0.0	0.0	0.0	0.0	0.0	0.0	0.0	0.0	0.0	0.0	0.0	0.0	0.0	0.0	0.0	0.0	0.0	0.0	0.0	0.0	0.0	0.0	0.0	0.0	0.0	0.0	0.0	0.0	0.0	0.0	1.0	1.0	0.0	0.0	0.0	0.0	0.0	0.0	1.0	2.0	2.0	3.0	3.0	4.0	4.0	4.0	4.0	3.0	4.0	3.0	4.0	6.0	6.0	7.0	8.0	10.0	9.0	12.0	13.0	18.0	18.0	23.0	24.0	22.0	22.0	22.0	26.0	31.0	39.0	40.0	40.0	43.0	42.0	47.0	49.0	52.0	51.0	62.0	65.0	71.0	75.0	81.0	86.0	93.0	96.0	104.0	113.0	123.0	128.0	131.0	142.0	153.0	160.0	164.0	174.0	179.0	187.0	203.0	220.0	233.0	241.0	254.0	279.0	289.0	318.0	337.0	345.0
0.0	0.0	0.0	0.0	0.0	0.0	0.0	0.0	0.0	0.0	0.0	0.0	0.0	0.0	0.0	0.0	0.0	0.0	0.0	0.0	0.0	0.0	0.0	0.0	0.0	0.0	0.0	0.0	0.0	0.0	0.0	0.0	0.0	0.0	0.0	0.0	0.0	0.0	0.0	0.0	0.0	0.0	0.0	1.0	1.0	0.0	0.0	0.0	0.0	0.0	0.0	0.0	0.0	1.0	2.0	3.0	4.0	3.0	5.0	5.0	4.0	4.0	5.0	4.0	7.0	9.0	8.0	7.0	8.0	11.0	9.0	11.0	10.0	14.0	15.0	16.0	18.0	22.0	21.0	22.0	25.0	26.0	28.0	28.0	33.0	37.0	39.0	46.0	57.0	62.0	65.0	70.0	73.0	80.0	77.0	97.0	101.0	99.0	100.0	112.0	123.0	130.0	138.0	138.0	149.0	147.0	162.0	185.0	182.0	192.0	199.0	225.0
0.0	0.0	0.0	0.0	0.0	0.0	0.0	0.0	0.0	0.0	0.0	0.0	0.0	0.0	0.0	0.0	0.0	0.0	0.0	0.0	0.0	0.0	0.0	0.0	0.0	0.0	0.0	0.0	0.0	0.0	0.0	0.0	0.0	0.0	0.0	1.0	1.0	1.0	1.0	0.0	0.0	0.0	0.0	0.0	0.0	0.0	0.0	0.0	0.0	0.0	0.0	0.0	0.0	0.0	0.0	0.0	0.0	0.0	0.0	2.0	6.0	6.0	8.0	7.0	5.0	6.0	8.0	7.0	8.0	9.0	8.0	10.0	11.0	11.0	11.0	9.0	10.0	11.0	13.0	13.0	13.0	13.0	13.0	13.0	13.0	14.0	16.0	18.0	18.0	20.0	18.0	21.0	19.0	20.0	25.0	30.0	35.0	46.0	48.0	50.0	52.0	55.0	59.0	67.0	75.0	83.0	85.0	83.0	94.0	108.0	118.0	113.0
0.0	0.0	0.0	0.0	0.0	0.0	0.0	0.0	0.0	0.0	0.0	0.0	0.0	0.0	0.0	0.0	0.0	0.0	0.0	0.0	0.0	0.0	0.0	0.0	0.0	0.0	0.0	0.0	0.0	0.0	0.0	0.0	0.0	0.0	0.0	0.0	0.0	0.0	0.0	0.0	0.0	0.0	0.0	0.0	2.0	3.0	3.0	3.0	3.0	3.0	3.0	3.0	3.0	4.0	4.0	3.0	4.0	4.0	6.0	8.0	6.0	5.0	4.0	6.0	8.0	9.0	9.0	10.0	11.0	10.0	15.0	15.0	15.0	18.0	18.0	19.0	20.0	21.0	22.0	27.0	25.0	28.0	32.0	39.0	46.0	47.0	50.0	57.0	58.0	63.0	75.0	78.0	89.0	99.0	91.0	100.0	116.0	116.0	138.0	134.0	151.0	153.0	155.0	157.0	163.0	164.0	188.0	201.0	211.0	236.0	260.0	274.0
0.0	0.0	0.0	0.0	0.0	0.0	0.0	0.0	0.0	0.0	0.0	0.0	0.0	0.0	0.0	0.0	0.0	0.0	0.0	0.0	0.0	0.0	0.0	0.0	0.0	0.0	0.0	0.0	0.0	0.0	0.0	0.0	0.0	0.0	0.0	0.0	0.0	0.0	0.0	0.0	0.0	0.0	1.0	0.0	0.0	1.0	1.0	1.0	1.0	1.0	1.0	3.0	5.0	5.0	6.0	5.0	6.0	6.0	5.0	5.0	4.0	2.0	2.0	4.0	5.0	6.0	7.0	8.0	12.0	12.0	16.0	18.0	25.0	24.0	29.0	33.0	30.0	33.0	41.0	42.0	56.0	60.0	63.0	68.0	73.0	75.0	90.0	98.0	102.0	106.0	117.0	127.0	135.0	140.0	145.0	153.0	159.0	180.0	191.0	188.0	207.0	223.0	240.0	243.0	245.0	247.0	268.0	286.0	304.0	311.0	327.0	341.0
0.0	0.0	0.0	0.0	0.0	0.0	0.0	0.0	0.0	0.0	0.0	0.0	0.0	0.0	0.0	0.0	0.0	0.0	0.0	0.0	0.0	0.0	0.0	0.0	0.0	0.0	0.0	0.0	0.0	0.0	0.0	0.0	0.0	0.0	0.0	0.0	0.0	0.0	0.0	0.0	0.0	0.0	0.0	0.0	0.0	0.0	0.0	0.0	1.0	1.0	1.0	1.0	1.0	1.0	3.0	3.0	2.0	2.0	4.0	5.0	4.0	4.0	3.0	5.0	7.0	6.0	4.0	5.0	5.0	5.0	6.0	11.0	9.0	11.0	13.0	13.0	13.0	19.0	17.0	16.0	22.0	24.0	22.0	28.0	33.0	34.0	32.0	35.0	42.0	35.0	42.0	42.0	48.0	44.0	46.0	52.0	60.0	64.0	72.0	72.0	77.0	88.0	93.0	99.0	102.0	105.0	114.0	116.0	127.0	135.0	147.0	152.0
0.0	0.0	0.0	0.0	0.0	0.0	0.0	0.0	0.0	0.0	0.0	0.0	0.0	0.0	0.0	0.0	0.0	0.0	0.0	0.0	0.0	0.0	0.0	0.0	0.0	0.0	0.0	0.0	0.0	0.0	0.0	0.0	0.0	0.0	0.0	0.0	0.0	0.0	0.0	0.0	0.0	0.0	0.0	0.0	0.0	0.0	0.0	0.0	0.0	0.0	0.0	1.0	1.0	1.0	1.0	1.0	1.0	1.0	1.0	1.0	1.0	2.0	1.0	3.0	5.0	5.0	5.0	5.0	4.0	4.0	4.0	5.0	4.0	6.0	8.0	10.0	12.0	14.0	16.0	15.0	19.0	23.0	21.0	25.0	27.0	27.0	27.0	32.0	33.0	39.0	42.0	39.0	40.0	43.0	45.0	55.0	55.0	60.0	67.0	73.0	66.0	73.0	79.0	88.0	95.0	108.0	113.0	109.0	122.0	136.0	139.0	144.0
0.0	0.0	0.0	0.0	0.0	0.0	0.0	0.0	0.0	0.0	0.0	0.0	0.0	0.0	0.0	0.0	0.0	0.0	1.0	1.0	1.0	1.0	1.0	1.0	1.0	1.0	1.0	1.0	1.0	1.0	1.0	0.0	1.0	2.0	2.0	2.0	2.0	2.0	2.0	2.0	2.0	2.0	2.0	2.0	3.0	3.0	3.0	2.0	2.0	3.0	3.0	3.0	2.0	2.0	3.0	3.0	4.0	4.0	4.0	4.0	4.0	7.0	8.0	8.0	7.0	7.0	5.0	8.0	8.0	12.0	12.0	11.0	11.0	17.0	20.0	26.0	26.0	29.0	29.0	31.0	37.0	42.0	37.0	40.0	43.0	46.0	45.0	55.0	60.0	63.0	70.0	80.0	85.0	88.0	90.0	89.0	101.0	103.0	110.0	120.0	129.0	145.0	154.0	157.0	165.0	167.0	176.0	183.0	182.0	184.0	199.0	205.0
0.0	0.0	0.0	0.0	0.0	0.0	0.0	0.0	0.0	0.0	0.0	0.0	0.0	0.0	0.0	0.0	0.0	0.0	0.0	0.0	0.0	0.0	0.0	0.0	0.0	0.0	0.0	0.0	0.0	0.0	0.0	0.0	0.0	0.0	0.0	0.0	0.0	0.0	0.0	0.0	0.0	0.0	0.0	0.0	0.0	0.0	2.0	3.0	3.0	3.0	2.0	4.0	4.0	8.0	9.0	11.0	13.0	14.0	12.0	17.0	19.0	20.0	24.0	22.0	23.0	28.0	29.0	30.0	33.0	42.0	54.0	61.0	66.0	66.0	74.0	79.0	83.0	86.0	90.0	104.0	111.0	119.0	122.0	132.0	140.0	163.0	175.0	190.0	201.0	209.0	211.0	225.0	227.0	235.0	247.0	263.0	276.0	284.0	293.0	305.0	332.0	343.0	358.0	355.0	382.0	385.0	389.0	400.0	410.0	428.0	425.0	439.0
0.0	0.0	0.0	0.0	0.0	0.0	0.0	0.0	0.0	0.0	0.0	0.0	0.0	0.0	0.0	0.0	0.0	0.0	1.0	1.0	1.0	0.0	0.0	0.0	0.0	0.0	0.0	0.0	0.0	0.0	1.0	1.0	1.0	1.0	1.0	1.0	1.0	1.0	0.0	1.0	1.0	1.0	0.0	0.0	0.0	0.0	0.0	1.0	1.0	1.0	1.0	1.0	2.0	2.0	2.0	2.0	3.0	3.0	5.0	8.0	7.0	7.0	7.0	11.0	12.0	12.0	12.0	13.0	13.0	14.0	14.0	17.0	16.0	15.0	16.0	19.0	18.0	25.0	33.0	36.0	37.0	44.0	49.0	57.0	59.0	68.0	69.0	76.0	84.0	84.0	82.0	94.0	108.0	110.0	116.0	124.0	127.0	142.0	151.0	161.0	163.0	167.0	182.0	195.0	188.0	206.0	232.0	236.0	249.0	261.0	267.0	284.0
0.0	0.0	0.0	0.0	0.0	0.0	0.0	0.0	0.0	0.0	0.0	0.0	0.0	0.0	0.0	0.0	0.0	0.0	0.0	0.0	0.0	0.0	0.0	0.0	0.0	0.0	0.0	0.0	0.0	0.0	0.0	0.0	0.0	0.0	0.0	0.0	0.0	0.0	0.0	0.0	1.0	1.0	1.0	1.0	2.0	2.0	3.0	3.0	7.0	8.0	6.0	5.0	3.0	3.0	3.0	3.0	3.0	4.0	5.0	6.0	7.0	8.0	7.0	8.0	6.0	6.0	7.0	8.0	14.0	16.0	17.0	16.0	16.0	16.0	18.0	22.0	24.0	32.0	37.0	39.0	43.0	45.0	50.0	55.0	70.0	69.0	75.0	77.0	89.0	95.0	102.0	108.0	116.0	132.0	130.0	136.0	147.0	154.0	171.0	171.0	182.0	208.0	213.0	231.0	252.0	239.0	251.0	262.0	260.0	266.0	284.0	307.0
0.0	0.0	0.0	0.0	0.0	0.0	0.0	0.0	0.0	0.0	0.0	0.0	0.0	0.0	0.0	0.0	0.0	0.0	0.0	0.0	0.0	0.0	0.0	0.0	0.0	0.0	0.0	0.0	0.0	0.0	0.0	0.0	0.0	0.0	0.0	0.0	0.0	0.0	0.0	0.0	0.0	0.0	0.0	0.0	0.0	0.0	0.0	0.0	0.0	0.0	0.0	0.0	0.0	0.0	0.0	0.0	0.0	0.0	0.0	0.0	0.0	0.0	0.0	0.0	0.0	0.0	0.0	0.0	0.0	1.0	1.0	1.0	1.0	1.0	1.0	1.0	0.0	0.0	1.0	1.0	0.0	0.0	0.0	0.0	0.0	0.0	0.0	0.0	0.0	1.0	1.0	2.0	5.0	5.0	5.0	6.0	5.0	4.0	4.0	6.0	6.0	5.0	6.0	5.0	6.0	6.0	7.0	9.0	11.0	13.0	15.0	16.0
0.0	0.0	0.0	0.0	0.0	0.0	0.0	0.0	0.0	0.0	0.0	0.0	0.0	0.0	0.0	0.0	0.0	0.0	0.0	0.0	0.0	0.0	0.0	0.0	0.0	0.0	0.0	0.0	0.0	0.0	0.0	0.0	0.0	0.0	0.0	0.0	0.0	0.0	0.0	0.0	0.0	0.0	0.0	0.0	1.0	1.0	1.0	1.0	2.0	2.0	3.0	3.0	1.0	3.0	3.0	4.0	5.0	6.0	3.0	6.0	7.0	10.0	12.0	13.0	17.0	14.0	15.0	15.0	14.0	16.0	23.0	26.0	29.0	30.0	28.0	32.0	35.0	38.0	47.0	43.0	51.0	59.0	67.0	77.0	79.0	88.0	92.0	93.0	106.0	107.0	117.0	124.0	132.0	132.0	143.0	139.0	142.0	152.0	160.0	174.0	192.0	202.0	231.0	244.0	253.0	272.0	285.0	296.0	304.0	320.0	328.0	332.0
0.0	0.0	0.0	0.0	0.0	0.0	0.0	0.0	0.0	0.0	0.0	0.0	0.0	0.0	0.0	0.0	0.0	0.0	0.0	0.0	0.0	0.0	0.0	0.0	0.0	0.0	0.0	0.0	0.0	0.0	0.0	0.0	0.0	0.0	0.0	0.0	0.0	0.0	0.0	0.0	0.0	0.0	0.0	0.0	0.0	1.0	1.0	2.0	4.0	3.0	5.0	7.0	7.0	7.0	6.0	7.0	8.0	10.0	7.0	7.0	10.0	8.0	11.0	10.0	11.0	14.0	19.0	18.0	20.0	24.0	28.0	26.0	23.0	25.0	23.0	25.0	34.0	39.0	40.0	44.0	51.0	56.0	59.0	62.0	69.0	62.0	69.0	72.0	79.0	88.0	89.0	96.0	102.0	107.0	120.0	128.0	143.0	159.0	170.0	183.0	190.0	201.0	206.0	209.0	226.0	238.0	259.0	275.0	291.0	305.0	319.0	342.0
0.0	0.0	0.0	0.0	0.0	0.0	0.0	0.0	0.0	0.0	0.0	0.0	0.0	0.0	0.0	0.0	0.0	0.0	0.0	0.0	0.0	0.0	0.0	0.0	0.0	0.0	0.0	1.0	1.0	1.0	1.0	1.0	1.0	0.0	0.0	0.0	0.0	0.0	0.0	1.0	1.0	0.0	0.0	0.0	0.0	0.0	0.0	1.0	0.0	1.0	2.0	1.0	1.0	3.0	1.0	1.0	2.0	1.0	2.0	3.0	2.0	3.0	2.0	2.0	1.0	1.0	3.0	2.0	2.0	7.0	8.0	10.0	9.0	12.0	15.0	15.0	16.0	14.0	16.0	19.0	19.0	21.0	25.0	27.0	26.0	26.0	28.0	24.0	31.0	31.0	32.0	38.0	47.0	56.0	61.0	75.0	79.0	85.0	92.0	100.0	102.0	108.0	108.0	116.0	116.0	128.0	132.0	142.0	158.0	176.0	192.0	203.0
0.0	0.0	0.0	0.0	0.0	0.0	0.0	0.0	0.0	0.0	0.0	0.0	0.0	0.0	0.0	0.0	0.0	0.0	0.0	0.0	0.0	0.0	0.0	0.0	0.0	0.0	0.0	0.0	0.0	0.0	0.0	0.0	0.0	0.0	0.0	0.0	0.0	0.0	0.0	2.0	2.0	3.0	4.0	4.0	4.0	5.0	4.0	4.0	4.0	5.0	6.0	7.0	8.0	8.0	9.0	10.0	13.0	13.0	10.0	11.0	10.0	12.0	12.0	17.0	22.0	25.0	25.0	29.0	28.0	35.0	39.0	42.0	40.0	42.0	47.0	52.0	54.0	60.0	70.0	69.0	72.0	76.0	82.0	87.0	95.0	104.0	110.0	116.0	122.0	149.0	149.0	168.0	173.0	195.0	206.0	214.0	226.0	226.0	240.0	256.0	275.0	291.0	299.0	322.0	326.0	340.0	345.0	347.0	370.0	385.0	400.0	396.0
0.0	0.0	0.0	0.0	0.0	0.0	0.0	0.0	0.0	0.0	0.0	0.0	0.0	0.0	0.0	0.0	0.0	0.0	0.0	0.0	0.0	0.0	0.0	0.0	0.0	0.0	0.0	0.0	0.0	0.0	2.0	2.0	2.0	1.0	1.0	1.0	1.0	2.0	2.0	2.0	2.0	2.0	3.0	3.0	4.0	4.0	4.0	6.0	5.0	5.0	5.0	6.0	6.0	6.0	8.0	11.0	10.0	14.0	15.0	17.0	16.0	15.0	17.0	19.0	17.0	16.0	18.0	21.0	27.0	31.0	37.0	36.0	44.0	45.0	48.0	49.0	54.0	55.0	55.0	61.0	69.0	74.0	81.0	89.0	104.0	108.0	112.0	111.0	116.0	128.0	137.0	149.0	167.0	175.0	176.0	190.0	195.0	207.0	226.0	242.0	253.0	255.0	261.0	284.0	318.0	322.0	331.0	329.0	338.0	344.0	357.0	376.0
0.0	0.0	0.0	0.0	0.0	0.0	0.0	0.0	0.0	0.0	0.0	0.0	0.0	0.0	0.0	0.0	0.0	0.0	0.0	0.0	0.0	0.0	0.0	0.0	0.0	0.0	0.0	0.0	0.0	0.0	0.0	0.0	0.0	0.0	0.0	0.0	0.0	0.0	0.0	0.0	0.0	0.0	0.0	0.0	0.0	0.0	0.0	0.0	0.0	0.0	0.0	0.0	0.0	0.0	0.0	0.0	0.0	0.0	0.0	0.0	0.0	0.0	0.0	0.0	0.0	0.0	0.0	0.0	0.0	0.0	0.0	0.0	0.0	0.0	0.0	0.0	0.0	0.0	0.0	0.0	0.0	0.0	0.0	0.0	0.0	0.0	0.0	0.0	0.0	0.0	0.0	0.0	0.0	0.0	0.0	0.0	0.0	0.0	0.0	0.0	0.0	0.0	0.0	0.0	0.0	0.0	0.0	0.0	0.0	0.0	0.0	0.0
0.0	0.0	0.0	0.0	0.0	0.0	0.0	0.0	0.0	0.0	0.0	0.0	0.0	0.0	0.0	0.0	0.0	0.0	0.0	0.0	0.0	0.0	0.0	0.0	0.0	0.0	0.0	0.0	0.0	0.0	0.0	0.0	0.0	0.0	0.0	0.0	0.0	0.0	0.0	0.0	0.0	0.0	0.0	0.0	0.0	0.0	0.0	1.0	1.0	1.0	1.0	1.0	1.0	1.0	2.0	2.0	2.0	1.0	1.0	2.0	3.0	4.0	3.0	3.0	3.0	3.0	4.0	6.0	8.0	13.0	15.0	17.0	15.0	19.0	20.0	19.0	18.0	18.0	19.0	18.0	22.0	22.0	22.0	27.0	29.0	32.0	39.0	42.0	48.0	54.0	56.0	65.0	65.0	68.0	68.0	69.0	71.0	71.0	75.0	81.0	83.0	91.0	110.0	117.0	125.0	127.0	132.0	143.0	164.0	173.0	169.0	184.0
0.0	0.0	0.0	0.0	0.0	0.0	0.0	0.0	0.0	0.0	0.0	0.0	0.0	0.0	0.0	1.0	1.0	1.0	1.0	1.0	1.0	1.0	0.0	0.0	0.0	0.0	0.0	0.0	0.0	0.0	0.0	0.0	0.0	0.0	0.0	0.0	0.0	1.0	1.0	1.0	2.0	2.0	2.0	1.0	1.0	1.0	1.0	2.0	2.0	3.0	3.0	3.0	4.0	5.0	5.0	6.0	6.0	7.0	7.0	8.0	8.0	7.0	10.0	8.0	14.0	15.0	16.0	17.0	17.0	19.0	24.0	25.0	26.0	27.0	28.0	29.0	27.0	26.0	26.0	29.0	33.0	37.0	37.0	46.0	51.0	52.0	61.0	72.0	91.0	88.0	97.0	99.0	102.0	120.0	126.0	126.0	118.0	127.0	143.0	146.0	153.0	171.0	187.0	199.0	208.0	208.0	214.0	213.0	235.0	247.0	254.0	278.0
0.0	0.0	0.0	0.0	0.0	0.0	0.0	0.0	0.0	0.0	0.0	0.0	0.0	0.0	0.0	0.0	0.0	0.0	0.0	0.0	0.0	0.0	0.0	0.0	0.0	0.0	0.0	0.0	0.0	0.0	0.0	0.0	0.0	0.0	0.0	0.0	0.0	0.0	0.0	0.0	0.0	0.0	0.0	0.0	1.0	0.0	0.0	0.0	0.0	0.0	1.0	1.0	1.0	1.0	2.0	3.0	3.0	3.0	3.0	5.0	3.0	6.0	6.0	9.0	7.0	8.0	9.0	10.0	11.0	11.0	11.0	14.0	16.0	17.0	19.0	19.0	19.0	19.0	19.0	22.0	22.0	22.0	23.0	25.0	29.0	37.0	41.0	48.0	49.0	59.0	60.0	60.0	66.0	70.0	79.0	69.0	78.0	80.0	92.0	98.0	113.0	114.0	136.0	156.0	158.0	168.0	179.0	186.0	206.0	215.0	226.0	239.0
0.0	0.0	0.0	0.0	0.0	0.0	0.0	0.0	0.0	0.0	0.0	0.0	0.0	0.0	0.0	0.0	0.0	0.0	0.0	0.0	0.0	0.0	0.0	0.0	0.0	0.0	1.0	1.0	1.0	1.0	1.0	0.0	0.0	0.0	0.0	1.0	1.0	1.0	1.0	1.0	1.0	1.0	1.0	1.0	1.0	1.0	1.0	1.0	2.0	1.0	1.0	1.0	1.0	0.0	0.0	0.0	0.0	0.0	0.0	1.0	2.0	2.0	0.0	0.0	0.0	1.0	1.0	0.0	2.0	3.0	5.0	4.0	7.0	9.0	8.0	11.0	10.0	12.0	13.0	14.0	15.0	18.0	17.0	17.0	19.0	17.0	18.0	22.0	26.0	29.0	32.0	35.0	41.0	43.0	45.0	51.0	60.0	61.0	56.0	56.0	69.0	76.0	82.0	90.0	96.0	100.0	102.0	111.0	118.0	123.0	139.0	143.0
0.0	0.0	0.0	0.0	0.0	0.0	0.0	0.0	0.0	0.0	0.0	0.0	0.0	0.0	0.0	0.0	0.0	0.0	0.0	0.0	0.0	0.0	0.0	0.0	0.0	0.0	0.0	0.0	0.0	0.0	0.0	0.0	0.0	0.0	1.0	1.0	0.0	0.0	0.0	0.0	0.0	0.0	0.0	0.0	0.0	0.0	0.0	0.0	2.0	1.0	1.0	1.0	1.0	0.0	0.0	2.0	4.0	4.0	4.0	6.0	7.0	7.0	5.0	4.0	7.0	9.0	10.0	10.0	10.0	11.0	13.0	15.0	22.0	21.0	19.0	18.0	24.0	22.0	24.0	27.0	29.0	27.0	30.0	36.0	37.0	41.0	41.0	40.0	44.0	44.0	47.0	59.0	69.0	71.0	80.0	87.0	89.0	99.0	110.0	118.0	133.0	142.0	148.0	164.0	174.0	186.0	181.0	182.0	196.0	211.0	222.0	219.0
0.0	0.0	0.0	0.0	0.0	0.0	0.0	0.0	0.0	0.0	0.0	0.0	0.0	0.0	0.0	0.0	0.0	0.0	0.0	0.0	0.0	0.0	0.0	0.0	0.0	0.0	0.0	0.0	0.0	0.0	0.0	0.0	0.0	0.0	0.0	0.0	0.0	0.0	2.0	2.0	2.0	2.0	3.0	3.0	2.0	2.0	2.0	2.0	2.0	2.0	2.0	2.0	3.0	2.0	4.0	3.0	2.0	2.0	2.0	2.0	3.0	4.0	5.0	5.0	5.0	6.0	6.0	8.0	8.0	10.0	12.0	9.0	10.0	10.0	14.0	16.0	22.0	23.0	22.0	21.0	19.0	21.0	21.0	26.0	31.0	33.0	29.0	26.0	28.0	33.0	36.0	35.0	38.0	39.0	45.0	52.0	61.0	65.0	69.0	73.0	72.0	86.0	97.0	100.0	106.0	109.0	115.0	121.0	127.0	137.0	150.0	149.0
0.0	0.0	0.0	0.0	0.0	0.0	0.0	0.0	0.0	0.0	0.0	0.0	0.0	0.0	0.0	0.0	0.0	0.0	0.0	0.0	0.0	0.0	0.0	0.0	0.0	0.0	0.0	0.0	0.0	0.0	0.0	0.0	0.0	0.0	0.0	0.0	0.0	0.0	0.0	0.0	0.0	0.0	0.0	1.0	0.0	0.0	0.0	0.0	1.0	1.0	1.0	1.0	2.0	3.0	3.0	3.0	5.0	6.0	7.0	8.0	8.0	10.0	11.0	12.0	14.0	14.0	14.0	14.0	12.0	13.0	14.0	17.0	24.0	25.0	29.0	30.0	29.0	35.0	33.0	36.0	41.0	45.0	50.0	54.0	54.0	53.0	60.0	66.0	70.0	68.0	76.0	82.0	87.0	92.0	94.0	112.0	114.0	115.0	132.0	141.0	137.0	158.0	163.0	179.0	189.0	214.0	231.0	229.0	239.0	251.0	249.0	264.0
0.0	0.0	0.0	0.0	0.0	0.0	0.0	0.0	0.0	0.0	0.0	1.0	0.0	0.0	0.0	0.0	0.0	0.0	0.0	0.0	0.0	0.0	0.0	0.0	0.0	0.0	0.0	0.0	0.0	0.0	0.0	0.0	0.0	0.0	0.0	0.0	0.0	0.0	0.0	0.0	0.0	1.0	0.0	0.0	0.0	0.0	0.0	0.0	0.0	0.0	1.0	2.0	0.0	0.0	1.0	1.0	1.0	2.0	2.0	3.0	1.0	4.0	4.0	5.0	7.0	6.0	7.0	8.0	10.0	10.0	11.0	9.0	10.0	14.0	16.0	19.0	24.0	30.0	29.0	29.0	27.0	27.0	28.0	31.0	34.0	33.0	39.0	46.0	48.0	50.0	59.0	70.0	76.0	84.0	91.0	100.0	102.0	105.0	113.0	115.0	121.0	132.0	145.0	150.0	147.0	152.0	173.0	182.0	203.0	220.0	225.0	225.0
0.0	0.0	0.0	0.0	0.0	0.0	0.0	0.0	0.0	0.0	0.0	0.0	0.0	0.0	0.0	0.0	0.0	0.0	0.0	0.0	0.0	0.0	0.0	0.0	0.0	0.0	0.0	0.0	0.0	0.0	0.0	0.0	0.0	0.0	0.0	0.0	0.0	1.0	1.0	0.0	0.0	1.0	3.0	2.0	1.0	1.0	1.0	1.0	1.0	1.0	1.0	2.0	4.0	6.0	7.0	8.0	7.0	9.0	8.0	9.0	6.0	9.0	9.0	11.0	8.0	8.0	11.0	14.0	16.0	17.0	24.0	21.0	25.0	26.0	36.0	41.0	49.0	47.0	51.0	59.0	64.0	63.0	64.0	71.0	67.0	73.0	81.0	81.0	90.0	103.0	106.0	99.0	109.0	117.0	129.0	144.0	149.0	156.0	165.0	173.0	180.0	174.0	191.0	197.0	207.0	232.0	248.0	260.0	266.0	293.0	312.0	315.0
0.0	0.0	0.0	0.0	0.0	0.0	0.0	0.0	0.0	0.0	0.0	0.0	0.0	0.0	0.0	0.0	0.0	0.0	0.0	0.0	0.0	0.0	0.0	0.0	0.0	0.0	0.0	0.0	0.0	0.0	0.0	0.0	0.0	0.0	0.0	0.0	0.0	0.0	0.0	0.0	0.0	0.0	0.0	0.0	0.0	0.0	1.0	1.0	1.0	3.0	4.0	3.0	3.0	5.0	6.0	7.0	7.0	9.0	10.0	12.0	10.0	10.0	8.0	8.0	10.0	8.0	11.0	12.0	9.0	11.0	14.0	20.0	24.0	25.0	29.0	31.0	35.0	44.0	37.0	41.0	47.0	50.0	57.0	57.0	73.0	72.0	80.0	83.0	85.0	91.0	95.0	102.0	109.0	124.0	137.0	148.0	143.0	156.0	159.0	174.0	186.0	194.0	204.0	214.0	224.0	262.0	272.0	288.0	286.0	309.0	325.0	320.0
0.0	0.0	0.0	0.0	0.0	0.0	0.0	0.0	0.0	0.0	0.0	0.0	0.0	0.0	0.0	0.0	0.0	0.0	0.0	0.0	0.0	0.0	0.0	0.0	0.0	0.0	0.0	0.0	0.0	0.0	0.0	0.0	0.0	0.0	0.0	0.0	0.0	0.0	0.0	0.0	0.0	0.0	0.0	0.0	0.0	0.0	0.0	1.0	1.0	1.0	0.0	1.0	2.0	2.0	2.0	1.0	1.0	2.0	4.0	4.0	7.0	8.0	8.0	8.0	8.0	9.0	8.0	10.0	10.0	13.0	15.0	23.0	22.0	21.0	21.0	20.0	24.0	24.0	29.0	34.0	36.0	37.0	37.0	42.0	39.0	38.0	45.0	53.0	62.0	67.0	77.0	91.0	96.0	104.0	104.0	103.0	117.0	123.0	133.0	137.0	138.0	146.0	162.0	169.0	180.0	194.0	207.0	198.0	230.0	239.0	241.0	251.0
0.0	0.0	0.0	0.0	0.0	0.0	0.0	0.0	0.0	0.0	0.0	0.0	0.0	0.0	0.0	0.0	0.0	0.0	0.0	0.0	0.0	0.0	0.0	0.0	0.0	0.0	0.0	0.0	0.0	0.0	0.0	0.0	0.0	0.0	0.0	0.0	0.0	0.0	0.0	0.0	0.0	0.0	0.0	0.0	0.0	0.0	0.0	1.0	0.0	0.0	0.0	1.0	1.0	0.0	0.0	0.0	0.0	1.0	1.0	1.0	2.0	2.0	2.0	3.0	2.0	2.0	2.0	1.0	1.0	1.0	1.0	1.0	1.0	3.0	4.0	5.0	9.0	9.0	8.0	8.0	8.0	10.0	9.0	9.0	13.0	15.0	13.0	14.0	15.0	15.0	20.0	25.0	28.0	28.0	33.0	34.0	36.0	40.0	42.0	43.0	48.0	51.0	48.0	51.0	54.0	58.0	60.0	75.0	75.0	78.0	82.0	90.0
0.0	0.0	0.0	0.0	0.0	0.0	0.0	0.0	0.0	0.0	0.0	0.0	0.0	0.0	0.0	0.0	0.0	0.0	0.0	0.0	0.0	0.0	0.0	0.0	0.0	0.0	0.0	0.0	0.0	0.0	0.0	0.0	0.0	0.0	0.0	0.0	0.0	0.0	0.0	0.0	1.0	1.0	1.0	1.0	1.0	1.0	1.0	1.0	1.0	1.0	2.0	4.0	4.0	6.0	7.0	6.0	7.0	8.0	8.0	8.0	8.0	8.0	8.0	12.0	12.0	11.0	13.0	13.0	14.0	16.0	17.0	22.0	24.0	32.0	38.0	39.0	41.0	50.0	53.0	52.0	48.0	57.0	54.0	63.0	68.0	76.0	75.0	83.0	87.0	95.0	113.0	115.0	122.0	131.0	141.0	145.0	158.0	163.0	159.0	163.0	180.0	185.0	199.0	220.0	238.0	258.0	260.0	268.0	275.0	289.0	304.0	297.0
0.0	0.0	0.0	0.0	0.0	0.0	0.0	0.0	0.0	0.0	0.0	0.0	0.0	0.0	0.0	0.0	0.0	0.0	0.0	0.0	0.0	0.0	0.0	0.0	0.0	0.0	0.0	0.0	0.0	0.0	0.0	0.0	0.0	0.0	0.0	0.0	0.0	0.0	0.0	0.0	0.0	0.0	0.0	0.0	0.0	0.0	0.0	0.0	0.0	1.0	2.0	3.0	2.0	2.0	3.0	3.0	3.0	2.0	3.0	4.0	3.0	6.0	5.0	7.0	10.0	12.0	14.0	16.0	15.0	18.0	21.0	23.0	26.0	33.0	32.0	34.0	40.0	50.0	51.0	50.0	57.0	57.0	60.0	60.0	69.0	77.0	82.0	82.0	91.0	97.0	102.0	108.0	114.0	127.0	134.0	146.0	164.0	168.0	183.0	188.0	194.0	205.0	215.0	232.0	236.0	253.0	259.0	275.0	288.0	298.0	317.0	334.0
0.0	0.0	0.0	0.0	0.0	0.0	0.0	0.0	0.0	0.0	0.0	0.0	0.0	0.0	0.0	0.0	0.0	0.0	0.0	0.0	0.0	0.0	0.0	0.0	0.0	0.0	0.0	0.0	0.0	0.0	0.0	0.0	0.0	0.0	0.0	0.0	0.0	0.0	0.0	0.0	0.0	0.0	0.0	0.0	0.0	0.0	0.0	0.0	0.0	0.0	0.0	0.0	0.0	1.0	1.0	1.0	1.0	1.0	1.0	1.0	3.0	3.0	3.0	4.0	4.0	4.0	6.0	8.0	10.0	8.0	7.0	8.0	9.0	12.0	11.0	15.0	14.0	18.0	20.0	23.0	24.0	25.0	26.0	30.0	30.0	33.0	31.0	35.0	36.0	38.0	43.0	51.0	51.0	54.0	65.0	66.0	69.0	73.0	84.0	91.0	102.0	110.0	114.0	125.0	124.0	128.0	140.0	147.0	159.0	160.0	165.0	167.0
0.0	0.0	0.0	0.0	0.0	0.0	0.0	0.0	0.0	0.0	0.0	0.0	0.0	0.0	0.0	0.0	0.0	0.0	0.0	0.0	0.0	0.0	0.0	0.0	0.0	0.0	0.0	0.0	0.0	0.0	0.0	0.0	0.0	0.0	1.0	1.0	1.0	1.0	1.0	1.0	2.0	2.0	2.0	2.0	1.0	0.0	0.0	1.0	1.0	1.0	1.0	2.0	4.0	2.0	3.0	4.0	5.0	4.0	5.0	4.0	3.0	4.0	5.0	5.0	6.0	8.0	9.0	13.0	16.0	19.0	18.0	21.0	20.0	20.0	20.0	24.0	24.0	29.0	34.0	34.0	39.0	38.0	45.0	45.0	51.0	60.0	62.0	61.0	67.0	66.0	72.0	77.0	85.0	88.0	100.0	113.0	120.0	122.0	131.0	134.0	154.0	166.0	186.0	208.0	218.0	234.0	235.0	233.0	247.0	252.0	271.0	300.0
0.0	0.0	0.0	0.0	0.0	0.0	0.0	0.0	0.0	0.0	0.0	0.0	0.0	0.0	0.0	0.0	0.0	0.0	0.0	0.0	0.0	0.0	0.0	0.0	0.0	0.0	0.0	1.0	1.0	2.0	2.0	1.0	0.0	1.0	1.0	0.0	0.0	0.0	0.0	1.0	1.0	1.0	1.0	1.0	1.0	1.0	1.0	1.0	1.0	1.0	1.0	1.0	2.0	1.0	2.0	2.0	6.0	7.0	9.0	9.0	11.0	8.0	9.0	12.0	11.0	11.0	11.0	12.0	13.0	15.0	15.0	25.0	22.0	21.0	26.0	33.0	36.0	42.0	48.0	50.0	50.0	55.0	53.0	63.0	65.0	68.0	81.0	92.0	101.0	108.0	113.0	119.0	127.0	139.0	138.0	154.0	158.0	167.0	168.0	176.0	183.0	199.0	208.0	231.0	237.0	246.0	263.0	275.0	293.0	306.0	320.0	329.0
0.0	0.0	0.0	0.0	0.0	0.0	0.0	0.0	0.0	0.0	0.0	0.0	0.0	0.0	0.0	0.0	1.0	1.0	1.0	1.0	1.0	0.0	0.0	0.0	0.0	0.0	1.0	1.0	1.0	1.0	0.0	0.0	0.0	0.0	0.0	0.0	0.0	0.0	0.0	0.0	0.0	0.0	0.0	0.0	0.0	0.0	0.0	0.0	0.0	0.0	0.0	0.0	0.0	0.0	0.0	0.0	1.0	1.0	1.0	1.0	1.0	4.0	4.0	4.0	3.0	4.0	4.0	3.0	4.0	5.0	7.0	5.0	6.0	8.0	8.0	11.0	9.0	8.0	9.0	9.0	12.0	14.0	18.0	18.0	19.0	17.0	22.0	21.0	24.0	21.0	22.0	26.0	27.0	27.0	30.0	31.0	36.0	34.0	40.0	45.0	53.0	62.0	74.0	83.0	87.0	92.0	101.0	105.0	106.0	116.0	127.0	132.0
0.0	0.0	0.0	0.0	0.0	0.0	0.0	0.0	0.0	0.0	0.0	0.0	0.0	0.0	0.0	0.0	0.0	0.0	0.0	0.0	0.0	0.0	0.0	0.0	0.0	0.0	0.0	0.0	0.0	0.0	0.0	0.0	0.0	0.0	0.0	0.0	0.0	0.0	0.0	0.0	0.0	0.0	0.0	0.0	0.0	0.0	0.0	0.0	0.0	0.0	0.0	0.0	0.0	0.0	0.0	0.0	0.0	0.0	0.0	0.0	0.0	0.0	0.0	0.0	0.0	0.0	0.0	0.0	0.0	0.0	0.0	0.0	0.0	0.0	0.0	0.0	0.0	0.0	0.0	0.0	0.0	0.0	0.0	0.0	0.0	0.0	0.0	0.0	0.0	0.0	0.0	0.0	0.0	0.0	0.0	0.0	0.0	0.0	0.0	0.0	0.0	0.0	0.0	0.0	0.0	0.0	0.0	0.0	0.0	0.0	0.0	0.0
0.0	0.0	0.0	0.0	0.0	0.0	0.0	0.0	0.0	0.0	0.0	0.0	0.0	0.0	0.0	0.0	0.0	0.0	0.0	0.0	0.0	0.0	1.0	1.0	1.0	0.0	1.0	1.0	1.0	1.0	1.0	1.0	1.0	1.0	0.0	0.0	1.0	1.0	2.0	3.0	3.0	3.0	3.0	3.0	3.0	3.0	3.0	3.0	4.0	5.0	4.0	6.0	6.0	7.0	11.0	11.0	12.0	11.0	12.0	12.0	17.0	17.0	15.0	17.0	19.0	26.0	28.0	29.0	25.0	28.0	33.0	32.0	40.0	44.0	44.0	46.0	55.0	55.0	56.0	60.0	60.0	70.0	80.0	86.0	101.0	101.0	121.0	127.0	126.0	133.0	132.0	137.0	156.0	165.0	181.0	186.0	197.0	216.0	227.0	231.0	239.0	250.0	257.0	266.0	298.0	316.0	338.0	355.0	354.0	380.0	383.0	400.0
0.0	0.0	0.0	0.0	0.0	0.0	0.0	0.0	0.0	0.0	0.0	0.0	0.0	0.0	0.0	0.0	0.0	0.0	0.0	0.0	0.0	0.0	0.0	0.0	0.0	0.0	0.0	0.0	0.0	0.0	0.0	0.0	0.0	0.0	0.0	0.0	0.0	0.0	0.0	0.0	0.0	0.0	0.0	0.0	0.0	0.0	0.0	0.0	0.0	0.0	0.0	0.0	0.0	0.0	0.0	0.0	2.0	2.0	2.0	2.0	2.0	3.0	2.0	2.0	1.0	4.0	4.0	7.0	6.0	6.0	5.0	6.0	5.0	8.0	8.0	10.0	10.0	14.0	13.0	14.0	13.0	14.0	17.0	17.0	22.0	25.0	31.0	31.0	32.0	35.0	40.0	47.0	53.0	57.0	61.0	69.0	73.0	80.0	86.0	80.0	79.0	92.0	98.0	93.0	99.0	104.0	105.0	122.0	142.0	153.0	154.0	159.0
0.0	0.0	0.0	0.0	0.0	0.0	0.0	0.0	0.0	0.0	0.0	0.0	0.0	1.0	1.0	1.0	0.0	0.0	0.0	0.0	0.0	0.0	0.0	0.0	0.0	0.0	0.0	0.0	0.0	0.0	0.0	0.0	0.0	1.0	1.0	1.0	1.0	1.0	1.0	1.0	1.0	1.0	1.0	1.0	1.0	1.0	1.0	1.0	1.0	1.0	1.0	1.0	1.0	0.0	0.0	0.0	0.0	0.0	0.0	0.0	0.0	0.0	0.0	0.0	0.0	0.0	0.0	0.0	0.0	0.0	0.0	0.0	0.0	0.0	0.0	0.0	0.0	0.0	0.0	0.0	0.0	0.0	0.0	0.0	0.0	0.0	0.0	0.0	0.0	0.0	0.0	0.0	0.0	0.0	0.0	0.0	0.0	0.0	0.0	0.0	0.0	0.0	0.0	0.0	0.0	0.0	0.0	0.0	0.0	0.0	0.0	0.0
0.0	0.0	0.0	0.0	0.0	0.0	0.0	0.0	0.0	0.0	0.0	0.0	0.0	0.0	0.0	0.0	0.0	0.0	0.0	0.0	0.0	0.0	0.0	0.0	0.0	0.0	0.0	0.0	0.0	0.0	0.0	0.0	0.0	0.0	0.0	0.0	0.0	0.0	0.0	0.0	0.0	0.0	0.0	1.0	1.0	1.0	1.0	1.0	2.0	1.0	0.0	0.0	0.0	0.0	0.0	0.0	1.0	1.0	1.0	2.0	2.0	2.0	3.0	3.0	5.0	6.0	6.0	5.0	5.0	7.0	14.0	11.0	9.0	11.0	13.0	13.0	14.0	13.0	14.0	15.0	21.0	26.0	20.0	21.0	27.0	30.0	31.0	33.0	35.0	34.0	36.0	38.0	44.0	49.0	58.0	66.0	71.0	69.0	78.0	82.0	94.0	100.0	104.0	113.0	137.0	144.0	149.0	166.0	172.0	183.0	203.0	218.0
0.0	0.0	0.0	0.0	0.0	0.0	0.0	0.0	0.0	0.0	0.0	0.0	0.0	0.0	0.0	0.0	0.0	0.0	0.0	0.0	0.0	0.0	0.0	0.0	2.0	2.0	1.0	1.0	1.0	2.0	2.0	1.0	1.0	1.0	1.0	0.0	0.0	0.0	0.0	0.0	0.0	1.0	1.0	2.0	2.0	2.0	1.0	1.0	0.0	0.0	1.0	2.0	2.0	3.0	3.0	3.0	4.0	4.0	6.0	6.0	7.0	8.0	11.0	10.0	10.0	14.0	15.0	18.0	22.0	23.0	22.0	22.0	19.0	21.0	24.0	22.0	25.0	33.0	28.0	33.0	34.0	39.0	41.0	50.0	51.0	49.0	60.0	64.0	70.0	70.0	79.0	89.0	96.0	108.0	113.0	117.0	125.0	139.0	145.0	148.0	157.0	155.0	166.0	175.0	198.0	222.0	228.0	242.0	248.0	257.0	274.0	276.0
0.0	0.0	0.0	0.0	0.0	0.0	0.0	0.0	0.0	0.0	0.0	0.0	0.0	0.0	0.0	0.0	0.0	0.0	0.0	0.0	0.0	0.0	0.0	0.0	0.0	0.0	0.0	0.0	0.0	0.0	0.0	0.0	0.0	0.0	0.0	0.0	0.0	0.0	0.0	0.0	0.0	1.0	1.0	1.0	1.0	1.0	1.0	1.0	1.0	2.0	2.0	2.0	2.0	2.0	2.0	5.0	6.0	9.0	6.0	6.0	4.0	7.0	10.0	10.0	10.0	10.0	11.0	9.0	14.0	20.0	22.0	27.0	23.0	27.0	31.0	26.0	30.0	37.0	34.0	36.0	45.0	46.0	45.0	46.0	48.0	50.0	55.0	57.0	68.0	72.0	83.0	78.0	83.0	87.0	89.0	99.0	101.0	102.0	115.0	132.0	141.0	163.0	170.0	179.0	194.0	204.0	221.0	227.0	258.0	258.0	265.0	280.0
0.0	0.0	0.0	0.0	0.0	0.0	0.0	0.0	0.0	0.0	0.0	0.0	0.0	0.0	0.0	0.0	0.0	0.0	0.0	0.0	0.0	0.0	0.0	0.0	0.0	0.0	0.0	0.0	0.0	0.0	0.0	0.0	0.0	0.0	0.0	1.0	1.0	2.0	2.0	3.0	4.0	4.0	3.0	4.0	4.0	4.0	3.0	3.0	3.0	3.0	4.0	5.0	4.0	4.0	8.0	7.0	7.0	7.0	8.0	7.0	8.0	10.0	9.0	9.0	13.0	14.0	18.0	25.0	27.0	28.0	28.0	29.0	31.0	35.0	35.0	43.0	45.0	48.0	52.0	60.0	73.0	75.0	75.0	80.0	75.0	84.0	84.0	91.0	99.0	102.0	103.0	114.0	122.0	137.0	144.0	142.0	152.0	172.0	181.0	193.0	196.0	208.0	231.0	232.0	234.0	254.0	262.0	276.0	284.0	294.0	318.0	334.0
0.0	0.0	0.0	0.0	0.0	0.0	0.0	0.0	0.0	0.0	0.0	0.0	0.0	0.0	0.0	0.0	0.0	0.0	0.0	0.0	0.0	0.0	0.0	0.0	0.0	0.0	0.0	0.0	0.0	0.0	1.0	0.0	0.0	0.0	0.0	1.0	2.0	2.0	1.0	1.0	1.0	1.0	1.0	1.0	1.0	0.0	1.0	1.0	1.0	1.0	2.0	3.0	5.0	5.0	7.0	7.0	5.0	4.0	6.0	8.0	11.0	13.0	15.0	17.0	15.0	15.0	19.0	14.0	14.0	15.0	20.0	18.0	18.0	18.0	24.0	34.0	35.0	43.0	42.0	55.0	52.0	56.0	58.0	60.0	65.0	72.0	84.0	94.0	97.0	105.0	113.0	126.0	135.0	150.0	158.0	179.0	192.0	197.0	217.0	226.0	229.0	243.0	247.0	260.0	271.0	272.0	279.0	283.0	313.0	305.0	318.0	338.0
0.0	0.0	0.0	0.0	0.0	0.0	0.0	0.0	0.0	0.0	0.0	0.0	0.0	0.0	0.0	0.0	0.0	0.0	0.0	0.0	0.0	0.0	0.0	0.0	0.0	0.0	0.0	0.0	0.0	0.0	0.0	0.0	1.0	1.0	1.0	1.0	1.0	1.0	1.0	1.0	1.0	1.0	1.0	1.0	2.0	2.0	2.0	1.0	1.0	1.0	2.0	2.0	2.0	2.0	2.0	2.0	2.0	2.0	3.0	3.0	3.0	3.0	4.0	4.0	6.0	7.0	5.0	5.0	5.0	5.0	5.0	8.0	10.0	12.0	9.0	9.0	10.0	10.0	8.0	8.0	7.0	9.0	10.0	13.0	11.0	11.0	13.0	16.0	14.0	16.0	20.0	18.0	23.0	21.0	28.0	26.0	25.0	29.0	35.0	34.0	39.0	51.0	61.0	66.0	77.0	82.0	90.0	98.0	108.0	113.0	114.0	127.0
0.0	0.0	0.0	0.0	0.0	0.0	0.0	0.0	0.0	0.0	0.0	0.0	0.0	0.0	0.0	0.0	0.0	0.0	0.0	0.0	0.0	0.0	0.0	0.0	0.0	0.0	0.0	0.0	0.0	0.0	0.0	0.0	0.0	0.0	0.0	0.0	0.0	0.0	0.0	0.0	0.0	0.0	0.0	0.0	0.0	0.0	0.0	0.0	0.0	0.0	0.0	0.0	0.0	0.0	1.0	1.0	0.0	4.0	7.0	5.0	3.0	2.0	1.0	1.0	2.0	2.0	2.0	5.0	7.0	9.0	11.0	14.0	11.0	13.0	15.0	18.0	21.0	20.0	26.0	28.0	26.0	27.0	27.0	28.0	31.0	37.0	42.0	51.0	54.0	55.0	63.0	66.0	67.0	76.0	74.0	88.0	99.0	101.0	106.0	110.0	121.0	124.0	136.0	138.0	150.0	161.0	183.0	196.0	208.0	214.0	227.0	227.0
0.0	0.0	0.0	0.0	0.0	0.0	0.0	0.0	0.0	0.0	0.0	0.0	0.0	0.0	0.0	0.0	0.0	0.0	0.0	0.0	0.0	0.0	0.0	0.0	0.0	0.0	0.0	0.0	0.0	0.0	0.0	0.0	0.0	0.0	0.0	0.0	0.0	0.0	0.0	1.0	1.0	1.0	0.0	0.0	0.0	0.0	0.0	0.0	0.0	0.0	0.0	1.0	0.0	0.0	0.0	0.0	1.0	2.0	2.0	2.0	2.0	2.0	2.0	2.0	3.0	3.0	3.0	4.0	4.0	1.0	1.0	2.0	3.0	3.0	3.0	3.0	5.0	5.0	8.0	6.0	7.0	6.0	8.0	10.0	9.0	12.0	13.0	14.0	16.0	20.0	18.0	22.0	24.0	28.0	29.0	31.0	35.0	34.0	33.0	34.0	35.0	39.0	45.0	52.0	56.0	63.0	66.0	67.0	65.0	66.0	62.0	73.0
0.0	0.0	0.0	0.0	0.0	0.0	0.0	0.0	0.0	0.0	0.0	0.0	0.0	0.0	0.0	0.0	0.0	0.0	0.0	0.0	0.0	0.0	0.0	0.0	0.0	0.0	0.0	0.0	0.0	0.0	0.0	0.0	0.0	0.0	0.0	0.0	0.0	0.0	0.0	0.0	0.0	0.0	0.0	0.0	0.0	0.0	0.0	0.0	1.0	1.0	0.0	0.0	1.0	1.0	1.0	1.0	1.0	2.0	2.0	2.0	5.0	6.0	5.0	6.0	9.0	10.0	15.0	10.0	11.0	11.0	13.0	14.0	17.0	19.0	20.0	21.0	23.0	23.0	26.0	24.0	27.0	29.0	42.0	47.0	53.0	64.0	68.0	69.0	67.0	67.0	71.0	71.0	71.0	80.0	83.0	96.0	113.0	120.0	131.0	139.0	147.0	158.0	163.0	177.0	192.0	210.0	219.0	236.0	244.0	265.0	282.0	295.0
0.0	0.0	0.0	0.0	0.0	0.0	0.0	0.0	0.0	0.0	0.0	0.0	0.0	0.0	0.0	0.0	0.0	0.0	1.0	1.0	1.0	1.0	1.0	1.0	1.0	1.0	1.0	0.0	0.0	0.0	0.0	0.0	0.0	0.0	0.0	0.0	0.0	0.0	0.0	0.0	0.0	0.0	1.0	2.0	2.0	2.0	1.0	1.0	2.0	2.0	4.0	6.0	4.0	4.0	4.0	4.0	4.0	6.0	6.0	5.0	5.0	6.0	7.0	10.0	10.0	11.0	9.0	9.0	12.0	13.0	18.0	23.0	29.0	29.0	27.0	26.0	28.0	35.0	38.0	40.0	49.0	44.0	41.0	46.0	47.0	60.0	60.0	59.0	69.0	77.0	84.0	94.0	99.0	120.0	128.0	133.0	140.0	148.0	155.0	170.0	173.0	189.0	195.0	200.0	196.0	211.0	222.0	246.0	255.0	283.0	286.0	296.0
0.0	0.0	0.0	0.0	0.0	0.0	0.0	0.0	0.0	0.0	0.0	0.0	0.0	0.0	0.0	0.0	0.0	0.0	0.0	0.0	0.0	0.0	0.0	0.0	0.0	0.0	0.0	0.0	0.0	0.0	0.0	1.0	1.0	0.0	0.0	0.0	0.0	0.0	0.0	0.0	0.0	0.0	0.0	1.0	3.0	4.0	4.0	5.0	3.0	2.0	3.0	2.0	3.0	4.0	5.0	6.0	5.0	9.0	13.0	16.0	20.0	19.0	19.0	22.0	26.0	29.0	28.0	30.0	26.0	29.0	34.0	38.0	44.0	50.0	42.0	54.0	52.0	60.0	72.0	72.0	78.0	88.0	90.0	100.0	106.0	121.0	131.0	130.0	131.0	129.0	140.0	146.0	159.0	178.0	183.0	199.0	205.0	217.0	218.0	231.0	233.0	253.0	264.0	286.0	308.0	329.0	332.0	349.0	349.0	356.0	357.0	361.0
0.0	0.0	0.0	0.0	0.0	0.0	0.0	0.0	0.0	0.0	0.0	1.0	0.0	0.0	0.0	0.0	0.0	0.0	0.0	0.0	0.0	0.0	0.0	0.0	0.0	0.0	0.0	0.0	0.0	0.0	0.0	0.0	0.0	0.0	0.0	0.0	0.0	0.0	0.0	0.0	0.0	0.0	0.0	0.0	0.0	0.0	0.0	0.0	1.0	1.0	1.0	3.0	4.0	5.0	5.0	5.0	6.0	6.0	7.0	8.0	7.0	8.0	8.0	9.0	8.0	9.0	11.0	8.0	9.0	12.0	14.0	18.0	23.0	23.0	30.0	26.0	25.0	26.0	33.0	37.0	40.0	42.0	47.0	46.0	50.0	52.0	56.0	57.0	59.0	63.0	68.0	72.0	86.0	93.0	89.0	98.0	106.0	115.0	115.0	126.0	136.0	150.0	155.0	166.0	187.0	194.0	212.0	233.0	238.0	248.0	259.0	271.0
0.0	0.0	0.0	0.0	0.0	0.0	0.0	0.0	0.0	0.0	0.0	0.0	0.0	0.0	0.0	0.0	0.0	0.0	0.0	0.0	0.0	0.0	0.0	0.0	0.0	0.0	0.0	0.0	0.0	0.0	0.0	0.0	0.0	1.0	1.0	1.0	1.0	1.0	1.0	1.0	1.0	1.0	1.0	1.0	1.0	1.0	1.0	1.0	1.0	1.0	3.0	3.0	2.0	2.0	2.0	1.0	2.0	2.0	2.0	1.0	1.0	3.0	6.0	5.0	7.0	6.0	7.0	9.0	8.0	10.0	13.0	16.0	17.0	18.0	20.0	17.0	18.0	22.0	24.0	29.0	29.0	25.0	28.0	32.0	37.0	38.0	35.0	38.0	39.0	40.0	43.0	47.0	51.0	55.0	65.0	70.0	79.0	80.0	89.0	99.0	110.0	120.0	120.0	129.0	141.0	140.0	141.0	151.0	161.0	169.0	172.0	187.0
0.0	0.0	0.0	0.0	0.0	0.0	0.0	0.0	0.0	0.0	0.0	0.0	0.0	0.0	0.0	0.0	0.0	0.0	0.0	0.0	0.0	0.0	0.0	0.0	0.0	0.0	0.0	0.0	0.0	0.0	0.0	0.0	0.0	1.0	1.0	2.0	0.0	0.0	0.0	0.0	0.0	0.0	0.0	0.0	0.0	0.0	0.0	0.0	1.0	1.0	1.0	1.0	1.0	1.0	1.0	1.0	2.0	2.0	2.0	2.0	2.0	2.0	2.0	3.0	3.0	3.0	3.0	6.0	5.0	3.0	4.0	4.0	4.0	6.0	8.0	9.0	10.0	11.0	14.0	16.0	15.0	17.0	22.0	21.0	24.0	24.0	20.0	19.0	20.0	20.0	23.0	29.0	29.0	35.0	38.0	42.0	40.0	41.0	44.0	51.0	56.0	63.0	65.0	69.0	72.0	72.0	77.0	82.0	87.0	97.0	100.0	111.0
0.0	0.0	0.0	0.0	0.0	0.0	0.0	0.0	0.0	0.0	0.0	0.0	0.0	0.0	1.0	0.0	0.0	0.0	0.0	0.0	0.0	0.0	0.0	0.0	0.0	0.0	0.0	0.0	0.0	0.0	0.0	0.0	0.0	0.0	0.0	0.0	0.0	0.0	0.0	0.0	0.0	0.0	0.0	0.0	1.0	1.0	1.0	1.0	2.0	3.0	3.0	2.0	1.0	1.0	1.0	1.0	1.0	2.0	2.0	3.0	4.0	3.0	2.0	3.0	4.0	6.0	5.0	10.0	14.0	16.0	17.0	19.0	21.0	25.0	30.0	29.0	34.0	36.0	38.0	42.0	40.0	47.0	50.0	57.0	61.0	73.0	74.0	76.0	83.0	89.0	101.0	102.0	106.0	107.0	109.0	117.0	118.0	124.0	126.0	132.0	146.0	168.0	171.0	185.0	191.0	201.0	207.0	209.0	219.0	212.0	223.0	230.0
0.0	0.0	0.0	0.0	0.0	0.0	0.0	0.0	0.0	0.0	0.0	0.0	0.0	0.0	0.0	0.0	0.0	1.0	0.0	0.0	0.0	0.0	0.0	0.0	0.0	0.0	0.0	0.0	0.0	0.0	0.0	0.0	0.0	0.0	0.0	0.0	0.0	0.0	1.0	1.0	0.0	0.0	0.0	2.0	4.0	4.0	5.0	5.0	4.0	4.0	4.0	4.0	5.0	6.0	5.0	4.0	6.0	7.0	7.0	7.0	7.0	8.0	10.0	10.0	10.0	10.0	14.0	15.0	17.0	21.0	24.0	28.0	29.0	29.0	40.0	37.0	39.0	43.0	41.0	45.0	48.0	50.0	57.0	63.0	65.0	71.0	80.0	88.0	92.0	105.0	116.0	119.0	120.0	128.0	141.0	140.0	154.0	159.0	181.0	195.0	209.0	224.0	247.0	257.0	261.0	267.0	284.0	289.0	307.0	323.0	334.0	334.0
0.0	0.0	0.0	0.0	0.0	0.0	0.0	0.0	0.0	0.0	0.0	0.0	0.0	0.0	0.0	0.0	0.0	0.0	0.0	0.0	0.0	0.0	0.0	0.0	0.0	0.0	0.0	0.0	0.0	0.0	0.0	0.0	0.0	0.0	0.0	0.0	0.0	0.0	0.0	0.0	0.0	0.0	0.0	0.0	0.0	0.0	0.0	0.0	0.0	0.0	0.0	2.0	2.0	2.0	2.0	2.0	0.0	1.0	1.0	2.0	3.0	3.0	1.0	2.0	2.0	2.0	3.0	3.0	3.0	3.0	3.0	4.0	5.0	4.0	5.0	4.0	4.0	5.0	8.0	7.0	7.0	10.0	10.0	11.0	13.0	13.0	13.0	12.0	14.0	15.0	16.0	16.0	18.0	20.0	17.0	21.0	23.0	27.0	29.0	28.0	33.0	33.0	34.0	37.0	38.0	35.0	44.0	45.0	45.0	55.0	61.0	70.0
0.0	0.0	0.0	0.0	0.0	0.0	0.0	0.0	0.0	0.0	0.0	0.0	0.0	0.0	0.0	0.0	0.0	0.0	0.0	0.0	0.0	0.0	0.0	0.0	0.0	0.0	0.0	0.0	0.0	0.0	0.0	0.0	0.0	0.0	0.0	0.0	0.0	1.0	1.0	1.0	0.0	0.0	0.0	0.0	1.0	1.0	1.0	1.0	1.0	1.0	3.0	3.0	3.0	5.0	6.0	5.0	5.0	6.0	6.0	7.0	6.0	7.0	7.0	5.0	7.0	7.0	11.0	10.0	14.0	16.0	15.0	15.0	16.0	16.0	18.0	20.0	21.0	24.0	26.0	33.0	33.0	41.0	42.0	41.0	44.0	48.0	53.0	54.0	68.0	78.0	84.0	90.0	94.0	92.0	104.0	109.0	117.0	121.0	125.0	128.0	137.0	149.0	167.0	166.0	184.0	209.0	213.0	227.0	234.0	241.0	268.0	272.0
0.0	0.0	0.0	0.0	0.0	0.0	0.0	0.0	0.0	0.0	0.0	0.0	0.0	0.0	0.0	0.0	0.0	0.0	0.0	0.0	0.0	0.0	0.0	0.0	0.0	0.0	0.0	0.0	0.0	0.0	0.0	0.0	0.0	0.0	0.0	0.0	0.0	0.0	0.0	0.0	0.0	1.0	1.0	0.0	0.0	0.0	1.0	1.0	2.0	3.0	2.0	3.0	4.0	3.0	4.0	5.0	8.0	8.0	9.0	12.0	12.0	12.0	15.0	16.0	17.0	17.0	18.0	20.0	24.0	26.0	32.0	36.0	38.0	34.0	36.0	42.0	42.0	46.0	54.0	56.0	67.0	78.0	78.0	87.0	105.0	121.0	114.0	122.0	140.0	149.0	166.0	173.0	183.0	197.0	206.0	216.0	221.0	238.0	230.0	246.0	264.0	281.0	291.0	303.0	299.0	301.0	310.0	330.0	348.0	352.0	370.0	382.0
0.0	0.0	0.0	0.0	0.0	0.0	0.0	0.0	0.0	0.0	0.0	0.0	0.0	0.0	0.0	0.0	0.0	0.0	0.0	0.0	0.0	0.0	0.0	0.0	0.0	0.0	0.0	0.0	0.0	0.0	0.0	0.0	0.0	0.0	0.0	0.0	0.0	0.0	0.0	0.0	1.0	1.0	1.0	1.0	1.0	1.0	1.0	1.0	1.0	1.0	1.0	1.0	1.0	1.0	2.0	1.0	1.0	1.0	2.0	2.0	3.0	5.0	4.0	3.0	4.0	4.0	4.0	4.0	6.0	6.0	9.0	8.0	9.0	10.0	11.0	13.0	14.0	17.0	19.0	21.0	20.0	18.0	19.0	18.0	19.0	21.0	18.0	20.0	25.0	29.0	31.0	36.0	44.0	47.0	53.0	53.0	51.0	60.0	69.0	70.0	72.0	75.0	74.0	71.0	80.0	86.0	92.0	104.0	117.0	120.0	129.0	147.0
0.0	0.0	0.0	0.0	0.0	0.0	0.0	0.0	0.0	0.0	0.0	0.0	0.0	0.0	0.0	0.0	0.0	0.0	0.0	0.0	0.0	0.0	0.0	0.0	0.0	0.0	0.0	0.0	0.0	0.0	0.0	0.0	0.0	0.0	0.0	0.0	0.0	0.0	0.0	0.0	0.0	1.0	0.0	0.0	0.0	0.0	0.0	0.0	0.0	0.0	0.0	0.0	0.0	0.0	0.0	0.0	0.0	0.0	0.0	0.0	0.0	0.0	0.0	0.0	0.0	0.0	0.0	0.0	0.0	0.0	0.0	0.0	0.0	0.0	1.0	1.0	2.0	2.0	2.0	2.0	2.0	3.0	3.0	3.0	4.0	4.0	4.0	5.0	4.0	3.0	4.0	5.0	5.0	5.0	4.0	5.0	4.0	4.0	6.0	7.0	7.0	7.0	8.0	10.0	11.0	14.0	13.0	14.0	15.0	14.0	14.0	18.0
0.0	0.0	0.0	0.0	0.0	0.0	0.0	0.0	0.0	0.0	0.0	0.0	0.0	0.0	0.0	0.0	0.0	0.0	0.0	0.0	0.0	0.0	0.0	0.0	1.0	2.0	2.0	2.0	2.0	0.0	0.0	0.0	0.0	0.0	1.0	1.0	1.0	1.0	1.0	1.0	1.0	1.0	2.0	3.0	2.0	2.0	1.0	2.0	3.0	3.0	5.0	5.0	3.0	3.0	4.0	4.0	7.0	8.0	10.0	12.0	14.0	12.0	16.0	18.0	18.0	17.0	17.0	17.0	14.0	14.0	22.0	29.0	29.0	26.0	32.0	36.0	41.0	45.0	50.0	52.0	48.0	51.0	56.0	64.0	74.0	78.0	85.0	93.0	90.0	106.0	117.0	123.0	125.0	134.0	143.0	147.0	160.0	170.0	178.0	191.0	195.0	199.0	208.0	226.0	238.0	246.0	261.0	274.0	272.0	285.0	290.0	298.0
0.0	0.0	0.0	0.0	0.0	0.0	0.0	0.0	0.0	0.0	0.0	0.0	0.0	0.0	0.0	0.0	0.0	0.0	0.0	0.0	0.0	0.0	1.0	1.0	1.0	1.0	1.0	1.0	1.0	1.0	1.0	1.0	1.0	1.0	1.0	1.0	1.0	1.0	1.0	1.0	1.0	1.0	1.0	1.0	1.0	1.0	1.0	1.0	1.0	0.0	0.0	0.0	1.0	1.0	1.0	0.0	0.0	1.0	2.0	2.0	3.0	3.0	3.0	3.0	2.0	3.0	4.0	4.0	3.0	2.0	3.0	3.0	4.0	4.0	4.0	4.0	6.0	8.0	7.0	6.0	8.0	10.0	15.0	15.0	16.0	19.0	18.0	16.0	19.0	23.0	28.0	25.0	26.0	32.0	35.0	36.0	38.0	45.0	51.0	55.0	57.0	57.0	58.0	66.0	76.0	78.0	87.0	98.0	115.0	127.0	126.0	136.0
0.0	0.0	0.0	0.0	0.0	0.0	0.0	0.0	0.0	0.0	0.0	0.0	0.0	0.0	0.0	0.0	0.0	0.0	0.0	0.0	0.0	0.0	0.0	0.0	0.0	0.0	1.0	1.0	1.0	1.0	1.0	1.0	1.0	1.0	1.0	1.0	1.0	1.0	1.0	1.0	1.0	1.0	1.0	1.0	1.0	2.0	3.0	2.0	2.0	1.0	0.0	0.0	0.0	2.0	2.0	1.0	1.0	2.0	2.0	1.0	1.0	2.0	2.0	3.0	3.0	3.0	4.0	4.0	4.0	3.0	4.0	5.0	6.0	9.0	8.0	8.0	6.0	8.0	11.0	11.0	14.0	12.0	10.0	14.0	18.0	20.0	23.0	25.0	22.0	22.0	25.0	29.0	28.0	28.0	31.0	33.0	39.0	41.0	49.0	55.0	58.0	66.0	72.0	79.0	87.0	100.0	111.0	110.0	116.0	127.0	124.0	137.0
0.0	0.0	0.0	0.0	0.0	0.0	0.0	0.0	0.0	0.0	0.0	0.0	0.0	0.0	0.0	0.0	0.0	0.0	0.0	0.0	0.0	0.0	0.0	0.0	0.0	0.0	0.0	0.0	0.0	0.0	0.0	0.0	0.0	0.0	0.0	0.0	0.0	0.0	0.0	0.0	0.0	0.0	0.0	0.0	0.0	0.0	0.0	0.0	0.0	0.0	0.0	0.0	0.0	0.0	0.0	0.0	0.0	0.0	0.0	0.0	0.0	0.0	0.0	0.0	0.0	0.0	1.0	0.0	0.0	0.0	0.0	0.0	0.0	1.0	2.0	2.0	2.0	2.0	2.0	3.0	3.0	3.0	6.0	8.0	7.0	7.0	8.0	11.0	9.0	10.0	13.0	12.0	12.0	12.0	15.0	17.0	20.0	21.0	20.0	21.0	22.0	25.0	22.0	22.0	27.0	28.0	29.0	33.0	32.0	32.0	31.0	32.0
0.0	0.0	0.0	0.0	0.0	0.0	0.0	0.0	0.0	0.0	0.0	0.0	0.0	0.0	0.0	0.0	0.0	0.0	0.0	0.0	0.0	0.0	0.0	0.0	0.0	0.0	0.0	0.0	0.0	0.0	0.0	0.0	0.0	1.0	2.0	2.0	1.0	2.0	2.0	2.0	2.0	2.0	2.0	2.0	2.0	2.0	2.0	4.0	4.0	3.0	5.0	4.0	7.0	9.0	10.0	12.0	11.0	12.0	12.0	12.0	11.0	11.0	13.0	13.0	20.0	23.0	22.0	24.0	29.0	29.0	31.0	33.0	36.0	44.0	51.0	47.0	49.0	56.0	64.0	62.0	69.0	78.0	87.0	86.0	91.0	101.0	112.0	123.0	138.0	137.0	145.0	160.0	167.0	171.0	183.0	190.0	198.0	201.0	230.0	241.0	247.0	260.0	275.0	285.0	288.0	298.0	307.0	332.0	357.0	374.0	388.0	389.0
